occupied_x, occupied_y
7.05, 0
7.1, 0
7, 0.05
7.05, 0.05
7.1, 0.05
7.15, 0.05
7.2, 0.05
6.95, 0.1
7, 0.1
7.05, 0.1
7.1, 0.1
7.15, 0.1
7.2, 0.1
7.25, 0.1
7.3, 0.1
6.95, 0.15
7, 0.15
7.15, 0.15
7.2, 0.15
7.25, 0.15
7.3, 0.15
7.35, 0.15
7.4, 0.15
6.9, 0.2
6.95, 0.2
7.3, 0.2
7.35, 0.2
7.4, 0.2
7.45, 0.2
8, 0.2
8.05, 0.2
8.1, 0.2
8.15, 0.2
8.2, 0.2
8.25, 0.2
8.3, 0.2
8.35, 0.2
6.85, 0.25
6.9, 0.25
7.35, 0.25
7.4, 0.25
7.45, 0.25
7.5, 0.25
7.55, 0.25
7.8, 0.25
7.85, 0.25
7.9, 0.25
7.95, 0.25
8, 0.25
8.05, 0.25
8.1, 0.25
8.15, 0.25
8.2, 0.25
8.25, 0.25
8.3, 0.25
8.35, 0.25
8.4, 0.25
6.8, 0.3
6.85, 0.3
7.45, 0.3
7.5, 0.3
7.55, 0.3
7.6, 0.3
7.65, 0.3
7.7, 0.3
7.75, 0.3
7.8, 0.3
7.85, 0.3
7.9, 0.3
7.95, 0.3
8, 0.3
8.05, 0.3
8.35, 0.3
8.4, 0.3
8.45, 0.3
6.8, 0.35
6.85, 0.35
7.5, 0.35
7.55, 0.35
7.6, 0.35
7.65, 0.35
7.7, 0.35
7.75, 0.35
7.8, 0.35
7.85, 0.35
8.35, 0.35
8.4, 0.35
8.45, 0.35
6.75, 0.4
6.8, 0.4
7.6, 0.4
7.65, 0.4
7.7, 0.4
8.4, 0.4
8.45, 0.4
6.75, 0.45
8.4, 0.45
8.45, 0.45
6.7, 0.5
6.75, 0.5
8.4, 0.5
8.45, 0.5
6.65, 0.55
6.7, 0.55
8.4, 0.55
8.45, 0.55
6.6, 0.6
6.65, 0.6
8.4, 0.6
8.45, 0.6
6.55, 0.65
6.6, 0.65
6.65, 0.65
8.4, 0.65
8.45, 0.65
8.5, 0.65
6.5, 0.7
6.55, 0.7
6.6, 0.7
8.45, 0.7
8.5, 0.7
6.4, 0.75
6.45, 0.75
6.5, 0.75
8.45, 0.75
8.5, 0.75
8.55, 0.75
8.6, 0.75
5, 0.8
5.05, 0.8
5.1, 0.8
5.75, 0.8
5.8, 0.8
5.85, 0.8
5.9, 0.8
5.95, 0.8
6.1, 0.8
6.15, 0.8
6.2, 0.8
6.25, 0.8
6.3, 0.8
6.35, 0.8
6.4, 0.8
6.45, 0.8
8.5, 0.8
8.55, 0.8
8.6, 0.8
8.65, 0.8
8.7, 0.8
5, 0.85
5.05, 0.85
5.1, 0.85
5.15, 0.85
5.2, 0.85
5.55, 0.85
5.6, 0.85
5.65, 0.85
5.7, 0.85
5.75, 0.85
5.8, 0.85
5.85, 0.85
5.9, 0.85
5.95, 0.85
6, 0.85
6.05, 0.85
6.1, 0.85
6.15, 0.85
6.2, 0.85
6.25, 0.85
6.3, 0.85
6.35, 0.85
6.4, 0.85
8.6, 0.85
8.65, 0.85
8.7, 0.85
8.75, 0.85
4.95, 0.9
5, 0.9
5.1, 0.9
5.15, 0.9
5.2, 0.9
5.25, 0.9
5.45, 0.9
5.5, 0.9
5.55, 0.9
5.6, 0.9
5.65, 0.9
5.7, 0.9
5.75, 0.9
5.8, 0.9
5.85, 0.9
5.9, 0.9
5.95, 0.9
6, 0.9
6.05, 0.9
6.1, 0.9
6.15, 0.9
6.2, 0.9
6.25, 0.9
6.3, 0.9
6.35, 0.9
8.7, 0.9
8.75, 0.9
8.8, 0.9
8.85, 0.9
4.95, 0.95
5, 0.95
5.15, 0.95
5.2, 0.95
5.25, 0.95
5.3, 0.95
5.35, 0.95
5.4, 0.95
5.45, 0.95
5.5, 0.95
5.55, 0.95
5.6, 0.95
8.75, 0.95
8.8, 0.95
8.85, 0.95
8.9, 0.95
8.95, 0.95
4.95, 1
5, 1
5.25, 1
5.3, 1
5.35, 1
5.4, 1
5.45, 1
8.85, 1
8.9, 1
8.95, 1
9, 1
4.95, 1.05
8.9, 1.05
8.95, 1.05
9, 1.05
9.05, 1.05
4.9, 1.1
4.95, 1.1
5, 1.1
8.95, 1.1
9, 1.1
9.05, 1.1
9.1, 1.1
4.9, 1.15
4.95, 1.15
9, 1.15
9.05, 1.15
9.1, 1.15
4.9, 1.2
4.95, 1.2
9.05, 1.2
9.1, 1.2
9.15, 1.2
4.9, 1.25
9.1, 1.25
9.15, 1.25
9.2, 1.25
4.85, 1.3
4.9, 1.3
9.15, 1.3
9.2, 1.3
9.25, 1.3
9.3, 1.3
4.8, 1.35
4.85, 1.35
4.9, 1.35
9.2, 1.35
9.25, 1.35
9.3, 1.35
9.4, 1.35
4.75, 1.4
4.8, 1.4
4.85, 1.4
9.25, 1.4
9.3, 1.4
9.35, 1.4
9.4, 1.4
9.45, 1.4
9.5, 1.4
9.55, 1.4
9.6, 1.4
9.65, 1.4
9.7, 1.4
9.75, 1.4
4.7, 1.45
4.75, 1.45
4.8, 1.45
9.3, 1.45
9.35, 1.45
9.4, 1.45
9.45, 1.45
9.5, 1.45
9.55, 1.45
9.6, 1.45
9.65, 1.45
9.7, 1.45
9.75, 1.45
9.8, 1.45
4.6, 1.5
4.65, 1.5
4.7, 1.5
4.75, 1.5
9.7, 1.5
9.75, 1.5
9.8, 1.5
9.85, 1.5
4.55, 1.55
4.6, 1.55
4.65, 1.55
4.7, 1.55
9.75, 1.55
9.8, 1.55
9.85, 1.55
4.45, 1.6
4.5, 1.6
4.55, 1.6
4.6, 1.6
4.65, 1.6
9.8, 1.6
9.85, 1.6
4.35, 1.65
4.4, 1.65
4.45, 1.65
4.5, 1.65
4.55, 1.65
9.8, 1.65
9.85, 1.65
9.9, 1.65
4.3, 1.7
4.35, 1.7
4.4, 1.7
4.45, 1.7
9.8, 1.7
9.85, 1.7
9.9, 1.7
4.25, 1.75
4.3, 1.75
4.35, 1.75
9.85, 1.75
9.9, 1.75
4.2, 1.8
4.25, 1.8
4.3, 1.8
9.85, 1.8
9.9, 1.8
9.95, 1.8
4.15, 1.85
4.2, 1.85
4.25, 1.85
9.9, 1.85
9.95, 1.85
4.1, 1.9
4.15, 1.9
4.2, 1.9
9.9, 1.9
9.95, 1.9
4.05, 1.95
4.1, 1.95
4.15, 1.95
9.9, 1.95
9.95, 1.95
10, 1.95
3.7, 2
3.9, 2
3.95, 2
4, 2
4.05, 2
4.1, 2
9.9, 2
9.95, 2
10, 2
3.65, 2.05
3.7, 2.05
3.75, 2.05
3.85, 2.05
3.9, 2.05
3.95, 2.05
4, 2.05
4.05, 2.05
4.1, 2.05
9.95, 2.05
10, 2.05
3.65, 2.1
3.7, 2.1
3.75, 2.1
3.8, 2.1
3.85, 2.1
3.9, 2.1
3.95, 2.1
9.95, 2.1
10, 2.1
10.05, 2.1
3.65, 2.15
3.7, 2.15
3.75, 2.15
3.8, 2.15
3.85, 2.15
10, 2.15
10.05, 2.15
10.1, 2.15
3.65, 2.2
3.7, 2.2
10, 2.2
10.05, 2.2
10.1, 2.2
3.65, 2.25
3.7, 2.25
10.05, 2.25
10.1, 2.25
3.65, 2.3
3.7, 2.3
10.05, 2.3
10.1, 2.3
10.15, 2.3
3.6, 2.35
3.65, 2.35
10.1, 2.35
10.15, 2.35
10.2, 2.35
3.6, 2.4
3.65, 2.4
10.15, 2.4
10.2, 2.4
10.25, 2.4
3.6, 2.45
3.65, 2.45
10.15, 2.45
10.2, 2.45
10.25, 2.45
3.55, 2.5
3.6, 2.5
3.65, 2.5
10.2, 2.5
10.25, 2.5
10.3, 2.5
3.55, 2.55
3.6, 2.55
10.25, 2.55
10.3, 2.55
10.35, 2.55
3.55, 2.6
3.6, 2.6
10.3, 2.6
10.35, 2.6
10.4, 2.6
3.55, 2.65
3.6, 2.65
10.35, 2.65
10.4, 2.65
3.55, 2.7
3.6, 2.7
10.35, 2.7
10.4, 2.7
10.45, 2.7
3.55, 2.75
3.6, 2.75
10.4, 2.75
10.45, 2.75
3.5, 2.8
3.55, 2.8
3.6, 2.8
10.4, 2.8
10.45, 2.8
3.5, 2.85
3.55, 2.85
10.4, 2.85
10.45, 2.85
10.5, 2.85
3.5, 2.9
3.55, 2.9
10.45, 2.9
10.5, 2.9
3.5, 2.95
3.55, 2.95
10.45, 2.95
10.5, 2.95
10.55, 2.95
3.5, 3
3.55, 3
6.2, 3
6.25, 3
6.3, 3
6.35, 3
6.4, 3
6.45, 3
6.5, 3
10.5, 3
10.55, 3
3.5, 3.05
3.55, 3.05
6.1, 3.05
6.15, 3.05
6.2, 3.05
6.25, 3.05
6.3, 3.05
6.35, 3.05
6.4, 3.05
6.45, 3.05
6.5, 3.05
6.55, 3.05
6.6, 3.05
6.65, 3.05
6.7, 3.05
7.15, 3.05
7.2, 3.05
7.25, 3.05
10.5, 3.05
10.55, 3.05
3.5, 3.1
3.55, 3.1
6, 3.1
6.05, 3.1
6.1, 3.1
6.15, 3.1
6.2, 3.1
6.5, 3.1
6.55, 3.1
6.6, 3.1
6.65, 3.1
6.7, 3.1
6.75, 3.1
6.8, 3.1
6.85, 3.1
6.9, 3.1
6.95, 3.1
7, 3.1
7.05, 3.1
7.1, 3.1
7.15, 3.1
7.2, 3.1
7.25, 3.1
7.3, 3.1
7.35, 3.1
10.5, 3.1
10.55, 3.1
10.6, 3.1
3.45, 3.15
3.5, 3.15
3.55, 3.15
5.9, 3.15
5.95, 3.15
6, 3.15
6.05, 3.15
6.1, 3.15
6.75, 3.15
6.8, 3.15
6.85, 3.15
6.9, 3.15
6.95, 3.15
7, 3.15
7.05, 3.15
7.1, 3.15
7.15, 3.15
7.25, 3.15
7.3, 3.15
7.35, 3.15
7.4, 3.15
7.45, 3.15
7.5, 3.15
10.55, 3.15
10.6, 3.15
3.45, 3.2
3.5, 3.2
3.55, 3.2
5.85, 3.2
5.9, 3.2
5.95, 3.2
6, 3.2
7.35, 3.2
7.4, 3.2
7.45, 3.2
7.5, 3.2
7.55, 3.2
10.55, 3.2
10.6, 3.2
10.65, 3.2
3.45, 3.25
3.5, 3.25
5.8, 3.25
5.85, 3.25
5.9, 3.25
7.5, 3.25
7.55, 3.25
10.6, 3.25
10.65, 3.25
3.45, 3.3
3.5, 3.3
5.75, 3.3
5.8, 3.3
5.85, 3.3
7.5, 3.3
7.55, 3.3
7.6, 3.3
10.6, 3.3
10.65, 3.3
10.7, 3.3
3.45, 3.35
3.5, 3.35
5.7, 3.35
5.75, 3.35
5.8, 3.35
7.55, 3.35
7.6, 3.35
7.65, 3.35
10.65, 3.35
10.7, 3.35
3.4, 3.4
3.45, 3.4
3.5, 3.4
5.6, 3.4
5.65, 3.4
5.7, 3.4
5.75, 3.4
7.55, 3.4
7.6, 3.4
7.65, 3.4
7.7, 3.4
10.65, 3.4
10.7, 3.4
10.75, 3.4
3.4, 3.45
3.45, 3.45
3.5, 3.45
5.5, 3.45
5.55, 3.45
5.6, 3.45
5.65, 3.45
5.7, 3.45
7.6, 3.45
7.65, 3.45
7.7, 3.45
7.75, 3.45
10.65, 3.45
10.7, 3.45
10.75, 3.45
3.35, 3.5
3.4, 3.5
3.45, 3.5
5.45, 3.5
5.5, 3.5
5.55, 3.5
5.6, 3.5
7.65, 3.5
7.7, 3.5
7.75, 3.5
10.65, 3.5
10.7, 3.5
10.75, 3.5
3.3, 3.55
3.35, 3.55
3.4, 3.55
5.45, 3.55
5.5, 3.55
7.7, 3.55
7.75, 3.55
7.8, 3.55
10.6, 3.55
10.65, 3.55
10.7, 3.55
3.3, 3.6
3.35, 3.6
5.45, 3.6
5.5, 3.6
7.75, 3.6
7.8, 3.6
10.55, 3.6
10.6, 3.6
10.65, 3.6
3.25, 3.65
3.3, 3.65
3.35, 3.65
5.4, 3.65
5.45, 3.65
5.5, 3.65
7.8, 3.65
7.85, 3.65
10.5, 3.65
10.55, 3.65
10.6, 3.65
3.2, 3.7
3.25, 3.7
3.3, 3.7
5.4, 3.7
5.45, 3.7
7.8, 3.7
7.85, 3.7
7.9, 3.7
10.45, 3.7
10.5, 3.7
10.55, 3.7
3.15, 3.75
3.2, 3.75
3.25, 3.75
5.4, 3.75
5.45, 3.75
7.85, 3.75
7.9, 3.75
7.95, 3.75
10.45, 3.75
10.5, 3.75
10.55, 3.75
3.15, 3.8
3.2, 3.8
3.25, 3.8
5.35, 3.8
5.4, 3.8
5.45, 3.8
7.9, 3.8
7.95, 3.8
10.45, 3.8
10.5, 3.8
3.2, 3.85
3.25, 3.85
5.35, 3.85
5.4, 3.85
7.9, 3.85
7.95, 3.85
8, 3.85
10.4, 3.85
10.45, 3.85
10.5, 3.85
3.2, 3.9
3.25, 3.9
5.35, 3.9
5.4, 3.9
7.95, 3.9
8, 3.9
8.05, 3.9
10.4, 3.9
10.45, 3.9
10.5, 3.9
3.2, 3.95
3.25, 3.95
3.3, 3.95
5.35, 3.95
5.4, 3.95
8, 3.95
8.05, 3.95
8.1, 3.95
10.4, 3.95
10.45, 3.95
3.25, 4
3.3, 4
5.3, 4
5.35, 4
5.4, 4
8, 4
8.05, 4
8.1, 4
8.15, 4
10.4, 4
10.45, 4
10.5, 4
3.25, 4.05
3.3, 4.05
5.3, 4.05
5.35, 4.05
8.1, 4.05
8.15, 4.05
8.2, 4.05
10.4, 4.05
10.45, 4.05
10.5, 4.05
3.25, 4.1
3.3, 4.1
5.25, 4.1
5.3, 4.1
5.35, 4.1
8.1, 4.1
8.15, 4.1
10.4, 4.1
10.45, 4.1
3.25, 4.15
3.3, 4.15
3.35, 4.15
5.25, 4.15
5.3, 4.15
8.1, 4.15
8.15, 4.15
8.2, 4.15
10.4, 4.15
10.45, 4.15
3.25, 4.2
3.3, 4.2
5.25, 4.2
5.3, 4.2
8.15, 4.2
8.2, 4.2
10.4, 4.2
10.45, 4.2
3.25, 4.25
3.3, 4.25
5.2, 4.25
5.25, 4.25
5.3, 4.25
8.15, 4.25
8.2, 4.25
8.25, 4.25
10.4, 4.25
10.45, 4.25
3.25, 4.3
3.3, 4.3
5.2, 4.3
5.25, 4.3
8.2, 4.3
8.25, 4.3
10.35, 4.3
10.4, 4.3
10.45, 4.3
3.25, 4.35
3.3, 4.35
5.2, 4.35
5.25, 4.35
8.2, 4.35
8.25, 4.35
10.35, 4.35
10.4, 4.35
10.45, 4.35
3.2, 4.4
3.25, 4.4
3.3, 4.4
5.15, 4.4
5.2, 4.4
5.25, 4.4
8.2, 4.4
8.25, 4.4
10.35, 4.4
10.4, 4.4
10.45, 4.4
3.2, 4.45
3.25, 4.45
3.3, 4.45
5.15, 4.45
5.2, 4.45
8.2, 4.45
8.25, 4.45
10.35, 4.45
10.4, 4.45
10.45, 4.45
3.2, 4.5
3.25, 4.5
5.15, 4.5
5.2, 4.5
8.2, 4.5
8.25, 4.5
8.3, 4.5
10.35, 4.5
10.4, 4.5
3.2, 4.55
3.25, 4.55
5.15, 4.55
5.2, 4.55
8.25, 4.55
8.3, 4.55
10.4, 4.55
10.45, 4.55
3.2, 4.6
3.25, 4.6
5.1, 4.6
5.15, 4.6
5.2, 4.6
8.2, 4.6
8.25, 4.6
8.3, 4.6
10.4, 4.6
10.45, 4.6
10.5, 4.6
3.2, 4.65
3.25, 4.65
5.1, 4.65
5.15, 4.65
5.2, 4.65
8.25, 4.65
8.3, 4.65
10.45, 4.65
10.5, 4.65
10.55, 4.65
3.15, 4.7
3.2, 4.7
3.25, 4.7
5.1, 4.7
5.15, 4.7
8.25, 4.7
8.3, 4.7
10.5, 4.7
10.55, 4.7
10.6, 4.7
3.15, 4.75
3.2, 4.75
5.1, 4.75
5.15, 4.75
8.2, 4.75
8.25, 4.75
10.55, 4.75
10.6, 4.75
10.65, 4.75
3.15, 4.8
3.2, 4.8
5.1, 4.8
5.15, 4.8
8.2, 4.8
8.25, 4.8
10.55, 4.8
10.6, 4.8
10.65, 4.8
3.1, 4.85
3.15, 4.85
3.2, 4.85
5.1, 4.85
5.15, 4.85
8.2, 4.85
8.25, 4.85
10.6, 4.85
10.65, 4.85
10.7, 4.85
3.1, 4.9
3.15, 4.9
3.2, 4.9
5.1, 4.9
5.15, 4.9
8.15, 4.9
8.2, 4.9
8.25, 4.9
10.65, 4.9
10.7, 4.9
10.75, 4.9
3.1, 4.95
3.15, 4.95
5.1, 4.95
5.15, 4.95
8.15, 4.95
8.2, 4.95
10.7, 4.95
10.75, 4.95
3.1, 5
3.15, 5
5.1, 5
5.15, 5
8.15, 5
8.2, 5
10.7, 5
10.75, 5
10.8, 5
3.1, 5.05
3.15, 5.05
5.1, 5.05
5.15, 5.05
8.15, 5.05
8.2, 5.05
10.75, 5.05
10.8, 5.05
3.1, 5.1
3.15, 5.1
5.1, 5.1
5.15, 5.1
5.2, 5.1
8.15, 5.1
8.2, 5.1
10.75, 5.1
10.8, 5.1
3.05, 5.15
3.1, 5.15
3.15, 5.15
5.1, 5.15
5.15, 5.15
5.2, 5.15
8.1, 5.15
8.15, 5.15
8.2, 5.15
10.75, 5.15
10.8, 5.15
10.85, 5.15
3.1, 5.2
3.15, 5.2
5.15, 5.2
5.2, 5.2
8.1, 5.2
8.15, 5.2
8.2, 5.2
10.8, 5.2
10.85, 5.2
3.1, 5.25
3.15, 5.25
5.15, 5.25
5.2, 5.25
8.1, 5.25
8.15, 5.25
10.8, 5.25
10.85, 5.25
10.9, 5.25
3.05, 5.3
3.1, 5.3
3.15, 5.3
5.15, 5.3
5.2, 5.3
8.1, 5.3
8.15, 5.3
10.85, 5.3
10.9, 5.3
10.95, 5.3
3.05, 5.35
3.1, 5.35
5.15, 5.35
5.2, 5.35
5.25, 5.35
8.1, 5.35
8.15, 5.35
10.85, 5.35
10.9, 5.35
10.95, 5.35
3.05, 5.4
3.1, 5.4
5.15, 5.4
5.2, 5.4
5.25, 5.4
8.1, 5.4
8.15, 5.4
10.9, 5.4
10.95, 5.4
11, 5.4
3, 5.45
3.05, 5.45
3.1, 5.45
5.2, 5.45
5.25, 5.45
5.3, 5.45
8.1, 5.45
8.15, 5.45
10.9, 5.45
10.95, 5.45
11, 5.45
11.05, 5.45
11.1, 5.45
11.15, 5.45
3.05, 5.5
3.1, 5.5
5.2, 5.5
5.25, 5.5
5.3, 5.5
8.1, 5.5
8.15, 5.5
11, 5.5
11.05, 5.5
11.1, 5.5
11.15, 5.5
11.2, 5.5
3, 5.55
3.05, 5.55
3.1, 5.55
5.25, 5.55
5.3, 5.55
8.1, 5.55
8.15, 5.55
11.1, 5.55
11.15, 5.55
11.2, 5.55
11.25, 5.55
3, 5.6
3.05, 5.6
3.1, 5.6
5.25, 5.6
5.3, 5.6
5.35, 5.6
8.1, 5.6
8.15, 5.6
11.2, 5.6
11.25, 5.6
11.3, 5.6
3, 5.65
3.05, 5.65
5.3, 5.65
5.35, 5.65
8.05, 5.65
8.1, 5.65
11.2, 5.65
11.25, 5.65
11.3, 5.65
3, 5.7
3.05, 5.7
5.3, 5.7
5.35, 5.7
8.05, 5.7
8.1, 5.7
11.2, 5.7
11.25, 5.7
11.3, 5.7
3, 5.75
3.05, 5.75
5.3, 5.75
5.35, 5.75
5.4, 5.75
8.05, 5.75
8.1, 5.75
11.2, 5.75
11.25, 5.75
3, 5.8
3.05, 5.8
5.35, 5.8
5.4, 5.8
8, 5.8
8.05, 5.8
8.1, 5.8
11.2, 5.8
11.25, 5.8
3, 5.85
3.05, 5.85
5.35, 5.85
5.4, 5.85
5.45, 5.85
8, 5.85
8.05, 5.85
8.1, 5.85
11.2, 5.85
11.25, 5.85
3, 5.9
3.05, 5.9
5.4, 5.9
5.45, 5.9
7.95, 5.9
8, 5.9
8.05, 5.9
11.2, 5.9
11.25, 5.9
11.3, 5.9
3, 5.95
3.05, 5.95
5.4, 5.95
5.45, 5.95
5.5, 5.95
7.9, 5.95
7.95, 5.95
8, 5.95
11.2, 5.95
11.25, 5.95
11.3, 5.95
3, 6
3.05, 6
5.45, 6
5.5, 6
7.9, 6
7.95, 6
8, 6
11.2, 6
11.25, 6
11.3, 6
3, 6.05
3.05, 6.05
5.45, 6.05
5.5, 6.05
5.55, 6.05
7.85, 6.05
7.9, 6.05
7.95, 6.05
11.2, 6.05
11.25, 6.05
11.3, 6.05
3, 6.1
3.05, 6.1
5.5, 6.1
5.55, 6.1
7.85, 6.1
7.9, 6.1
11.25, 6.1
11.3, 6.1
3, 6.15
3.05, 6.15
5.5, 6.15
5.55, 6.15
7.8, 6.15
7.85, 6.15
11.25, 6.15
11.3, 6.15
3, 6.2
3.05, 6.2
5.5, 6.2
5.55, 6.2
5.6, 6.2
7.75, 6.2
7.8, 6.2
7.85, 6.2
11.25, 6.2
11.3, 6.2
2.95, 6.25
3, 6.25
3.05, 6.25
5.55, 6.25
5.6, 6.25
7.7, 6.25
7.75, 6.25
7.8, 6.25
11.25, 6.25
11.3, 6.25
2.95, 6.3
3, 6.3
5.55, 6.3
5.6, 6.3
5.65, 6.3
7.7, 6.3
7.75, 6.3
11.25, 6.3
11.3, 6.3
2.95, 6.35
3, 6.35
5.6, 6.35
5.65, 6.35
5.7, 6.35
7.65, 6.35
7.7, 6.35
7.75, 6.35
11.25, 6.35
11.3, 6.35
11.35, 6.35
2.9, 6.4
2.95, 6.4
3, 6.4
5.65, 6.4
5.7, 6.4
5.75, 6.4
7.6, 6.4
7.65, 6.4
7.7, 6.4
11.3, 6.4
11.35, 6.4
2.9, 6.45
2.95, 6.45
3, 6.45
5.7, 6.45
5.75, 6.45
5.8, 6.45
7.55, 6.45
7.6, 6.45
7.65, 6.45
11.3, 6.45
11.35, 6.45
11.4, 6.45
2.85, 6.5
2.9, 6.5
2.95, 6.5
5.75, 6.5
5.8, 6.5
5.85, 6.5
5.9, 6.5
7.5, 6.5
7.55, 6.5
7.6, 6.5
11.35, 6.5
11.4, 6.5
2.75, 6.55
2.8, 6.55
2.85, 6.55
2.9, 6.55
5.8, 6.55
5.85, 6.55
5.9, 6.55
5.95, 6.55
6, 6.55
7.45, 6.55
7.5, 6.55
7.55, 6.55
11.35, 6.55
11.4, 6.55
11.45, 6.55
2.7, 6.6
2.75, 6.6
2.8, 6.6
2.85, 6.6
5.9, 6.6
5.95, 6.6
6, 6.6
6.05, 6.6
6.1, 6.6
7.4, 6.6
7.45, 6.6
7.5, 6.6
11.4, 6.6
11.45, 6.6
2.6, 6.65
2.65, 6.65
2.7, 6.65
2.75, 6.65
2.8, 6.65
6, 6.65
6.05, 6.65
6.1, 6.65
6.15, 6.65
6.65, 6.65
6.7, 6.65
6.75, 6.65
6.8, 6.65
6.85, 6.65
6.9, 6.65
6.95, 6.65
7, 6.65
7.05, 6.65
7.1, 6.65
7.15, 6.65
7.2, 6.65
7.25, 6.65
7.3, 6.65
7.35, 6.65
7.4, 6.65
7.45, 6.65
11.4, 6.65
11.45, 6.65
2.55, 6.7
2.6, 6.7
2.65, 6.7
2.7, 6.7
6.05, 6.7
6.1, 6.7
6.15, 6.7
6.2, 6.7
6.5, 6.7
6.55, 6.7
6.6, 6.7
6.65, 6.7
6.7, 6.7
6.75, 6.7
6.8, 6.7
6.85, 6.7
6.9, 6.7
6.95, 6.7
7, 6.7
7.05, 6.7
7.1, 6.7
7.15, 6.7
7.2, 6.7
7.25, 6.7
7.3, 6.7
7.35, 6.7
7.4, 6.7
11.4, 6.7
11.45, 6.7
11.5, 6.7
2.45, 6.75
2.5, 6.75
2.55, 6.75
2.6, 6.75
2.65, 6.75
6.15, 6.75
6.2, 6.75
6.25, 6.75
6.3, 6.75
6.35, 6.75
6.4, 6.75
6.45, 6.75
6.5, 6.75
6.55, 6.75
6.6, 6.75
6.65, 6.75
11.45, 6.75
11.5, 6.75
2.4, 6.8
2.45, 6.8
2.5, 6.8
2.55, 6.8
6.2, 6.8
6.25, 6.8
6.3, 6.8
6.35, 6.8
6.4, 6.8
6.45, 6.8
11.45, 6.8
11.5, 6.8
11.55, 6.8
2.35, 6.85
2.4, 6.85
2.45, 6.85
11.5, 6.85
11.55, 6.85
2.3, 6.9
2.35, 6.9
2.4, 6.9
11.5, 6.9
11.55, 6.9
11.6, 6.9
2.25, 6.95
2.3, 6.95
2.35, 6.95
11.5, 6.95
11.55, 6.95
11.6, 6.95
2.2, 7
2.25, 7
2.3, 7
11.55, 7
11.6, 7
11.65, 7
2.15, 7.05
2.2, 7.05
2.25, 7.05
2.3, 7.05
11.55, 7.05
11.6, 7.05
11.65, 7.05
2.15, 7.1
2.2, 7.1
2.25, 7.1
11.6, 7.1
11.65, 7.1
1.4, 7.15
1.5, 7.15
1.55, 7.15
1.6, 7.15
1.65, 7.15
1.7, 7.15
1.75, 7.15
1.8, 7.15
1.85, 7.15
1.9, 7.15
1.95, 7.15
2, 7.15
2.05, 7.15
2.1, 7.15
2.15, 7.15
2.2, 7.15
11.6, 7.15
11.65, 7.15
11.7, 7.15
1.35, 7.2
1.4, 7.2
1.45, 7.2
1.5, 7.2
1.55, 7.2
1.6, 7.2
1.65, 7.2
1.7, 7.2
1.75, 7.2
1.8, 7.2
1.85, 7.2
1.9, 7.2
1.95, 7.2
2, 7.2
2.05, 7.2
2.1, 7.2
2.15, 7.2
11.65, 7.2
11.7, 7.2
1.3, 7.25
1.35, 7.25
1.4, 7.25
1.45, 7.25
1.5, 7.25
1.55, 7.25
1.6, 7.25
11.65, 7.25
11.7, 7.25
11.75, 7.25
1.3, 7.3
1.35, 7.3
1.4, 7.3
11.7, 7.3
11.75, 7.3
1.3, 7.35
1.35, 7.35
1.4, 7.35
11.7, 7.35
11.75, 7.35
11.8, 7.35
1.3, 7.4
1.35, 7.4
11.75, 7.4
11.8, 7.4
11.85, 7.4
1.3, 7.45
1.35, 7.45
11.8, 7.45
11.85, 7.45
11.9, 7.45
1.3, 7.5
1.35, 7.5
11.85, 7.5
11.9, 7.5
11.95, 7.5
12, 7.5
1.25, 7.55
1.3, 7.55
1.35, 7.55
11.9, 7.55
11.95, 7.55
12, 7.55
12.05, 7.55
12.1, 7.55
1.25, 7.6
1.3, 7.6
1.35, 7.6
12, 7.6
12.05, 7.6
12.1, 7.6
1.25, 7.65
1.3, 7.65
1.35, 7.65
11.9, 7.65
11.95, 7.65
12, 7.65
12.05, 7.65
12.1, 7.65
1.25, 7.7
1.3, 7.7
11.85, 7.7
11.9, 7.7
11.95, 7.7
12, 7.7
1.25, 7.75
1.3, 7.75
11.8, 7.75
11.85, 7.75
11.9, 7.75
1.25, 7.8
1.3, 7.8
11.75, 7.8
11.8, 7.8
11.85, 7.8
1.25, 7.85
1.3, 7.85
11.7, 7.85
11.75, 7.85
11.8, 7.85
1.25, 7.9
1.3, 7.9
11.65, 7.9
11.7, 7.9
11.75, 7.9
1.25, 7.95
1.3, 7.95
11.65, 7.95
11.7, 7.95
11.75, 7.95
1.2, 8
1.25, 8
1.3, 8
11.6, 8
11.65, 8
11.7, 8
1.2, 8.05
1.25, 8.05
1.3, 8.05
11.6, 8.05
11.65, 8.05
1.2, 8.1
1.25, 8.1
11.55, 8.1
11.6, 8.1
11.65, 8.1
1.2, 8.15
1.25, 8.15
11.5, 8.15
11.55, 8.15
11.6, 8.15
1.2, 8.2
1.25, 8.2
11.45, 8.2
11.5, 8.2
11.55, 8.2
1.15, 8.25
1.2, 8.25
1.25, 8.25
11.45, 8.25
11.5, 8.25
11.55, 8.25
1.1, 8.3
1.15, 8.3
1.2, 8.3
11.4, 8.3
11.45, 8.3
11.5, 8.3
1.05, 8.35
1.1, 8.35
1.15, 8.35
1.2, 8.35
11.4, 8.35
11.45, 8.35
1.05, 8.4
1.1, 8.4
1.15, 8.4
11.4, 8.4
11.45, 8.4
1, 8.45
1.05, 8.45
1.1, 8.45
11.4, 8.45
11.45, 8.45
1, 8.5
1.05, 8.5
11.4, 8.5
11.45, 8.5
0.95, 8.55
1, 8.55
1.05, 8.55
11.4, 8.55
11.45, 8.55
11.5, 8.55
0.9, 8.6
0.95, 8.6
1, 8.6
11.4, 8.6
11.45, 8.6
11.5, 8.6
0.9, 8.65
0.95, 8.65
6, 8.65
6.05, 8.65
6.1, 8.65
6.15, 8.65
6.2, 8.65
6.25, 8.65
6.3, 8.65
6.35, 8.65
6.4, 8.65
6.45, 8.65
6.5, 8.65
7.1, 8.65
11.45, 8.65
11.5, 8.65
0.85, 8.7
0.9, 8.7
0.95, 8.7
5.9, 8.7
5.95, 8.7
6, 8.7
6.05, 8.7
6.1, 8.7
6.15, 8.7
6.2, 8.7
6.25, 8.7
6.3, 8.7
6.35, 8.7
6.4, 8.7
6.45, 8.7
6.5, 8.7
6.55, 8.7
6.6, 8.7
6.65, 8.7
6.7, 8.7
6.75, 8.7
6.8, 8.7
6.85, 8.7
6.9, 8.7
6.95, 8.7
7, 8.7
7.05, 8.7
7.1, 8.7
7.15, 8.7
7.2, 8.7
11.45, 8.7
11.5, 8.7
0.8, 8.75
0.85, 8.75
0.9, 8.75
5.8, 8.75
5.85, 8.75
5.9, 8.75
5.95, 8.75
6, 8.75
6.5, 8.75
6.55, 8.75
6.6, 8.75
6.65, 8.75
6.7, 8.75
6.75, 8.75
6.8, 8.75
6.85, 8.75
6.9, 8.75
6.95, 8.75
7, 8.75
7.05, 8.75
7.1, 8.75
7.15, 8.75
7.2, 8.75
7.25, 8.75
7.3, 8.75
7.35, 8.75
7.4, 8.75
11.45, 8.75
11.5, 8.75
11.55, 8.75
0.8, 8.8
0.85, 8.8
0.9, 8.8
5.75, 8.8
5.8, 8.8
5.85, 8.8
5.9, 8.8
5.95, 8.8
6.8, 8.8
7.2, 8.8
7.25, 8.8
7.3, 8.8
7.35, 8.8
7.4, 8.8
11.45, 8.8
11.5, 8.8
11.55, 8.8
0.85, 8.85
0.9, 8.85
0.95, 8.85
5.7, 8.85
5.75, 8.85
5.8, 8.85
5.85, 8.85
7.35, 8.85
7.4, 8.85
7.45, 8.85
11.45, 8.85
11.5, 8.85
11.55, 8.85
0.9, 8.9
0.95, 8.9
1, 8.9
5.65, 8.9
5.7, 8.9
5.75, 8.9
5.8, 8.9
7.4, 8.9
7.45, 8.9
11.5, 8.9
11.55, 8.9
0.9, 8.95
0.95, 8.95
1, 8.95
5.6, 8.95
5.65, 8.95
5.7, 8.95
7.4, 8.95
7.45, 8.95
7.5, 8.95
11.45, 8.95
11.5, 8.95
11.55, 8.95
0.95, 9
1, 9
1.05, 9
5.5, 9
5.55, 9
5.6, 9
5.65, 9
7.45, 9
7.5, 9
7.55, 9
11.45, 9
11.5, 9
11.55, 9
1, 9.05
1.05, 9.05
1.1, 9.05
5.4, 9.05
5.45, 9.05
5.5, 9.05
5.55, 9.05
5.6, 9.05
7.5, 9.05
7.55, 9.05
7.6, 9.05
11.45, 9.05
11.5, 9.05
11.55, 9.05
1.05, 9.1
1.1, 9.1
5.35, 9.1
5.4, 9.1
5.45, 9.1
5.5, 9.1
5.55, 9.1
7.55, 9.1
7.6, 9.1
11.45, 9.1
11.5, 9.1
1.05, 9.15
1.1, 9.15
1.15, 9.15
5.35, 9.15
5.4, 9.15
5.45, 9.15
7.55, 9.15
7.6, 9.15
7.65, 9.15
11.45, 9.15
11.5, 9.15
1.1, 9.2
1.15, 9.2
1.2, 9.2
1.25, 9.2
5.3, 9.2
5.35, 9.2
5.4, 9.2
7.6, 9.2
7.65, 9.2
7.7, 9.2
11.45, 9.2
11.5, 9.2
1.15, 9.25
1.2, 9.25
1.25, 9.25
5.3, 9.25
5.35, 9.25
5.4, 9.25
7.65, 9.25
7.7, 9.25
7.75, 9.25
11.45, 9.25
11.5, 9.25
11.55, 9.25
1.2, 9.3
1.25, 9.3
5.3, 9.3
5.35, 9.3
7.65, 9.3
7.7, 9.3
7.75, 9.3
11.45, 9.3
11.5, 9.3
1.2, 9.35
1.25, 9.35
5.25, 9.35
5.3, 9.35
5.35, 9.35
7.7, 9.35
7.75, 9.35
7.8, 9.35
11.45, 9.35
11.5, 9.35
1.2, 9.4
1.25, 9.4
1.3, 9.4
5.25, 9.4
5.3, 9.4
5.35, 9.4
7.75, 9.4
7.8, 9.4
7.85, 9.4
11.45, 9.4
11.5, 9.4
1.25, 9.45
1.3, 9.45
5.25, 9.45
5.3, 9.45
7.8, 9.45
7.85, 9.45
11.45, 9.45
11.5, 9.45
11.55, 9.45
1.25, 9.5
1.3, 9.5
1.35, 9.5
5.25, 9.5
5.3, 9.5
7.8, 9.5
7.85, 9.5
7.9, 9.5
11.5, 9.5
11.55, 9.5
11.6, 9.5
1.25, 9.55
1.3, 9.55
1.35, 9.55
5.2, 9.55
5.25, 9.55
5.3, 9.55
7.85, 9.55
7.9, 9.55
7.95, 9.55
11.55, 9.55
11.6, 9.55
11.65, 9.55
1.3, 9.6
1.35, 9.6
5.2, 9.6
5.25, 9.6
7.9, 9.6
7.95, 9.6
8, 9.6
11.6, 9.6
11.65, 9.6
1.3, 9.65
1.35, 9.65
5.2, 9.65
5.25, 9.65
7.9, 9.65
7.95, 9.65
8, 9.65
8.05, 9.65
11.6, 9.65
11.65, 9.65
11.7, 9.65
1.3, 9.7
1.35, 9.7
5.15, 9.7
5.2, 9.7
5.25, 9.7
8, 9.7
8.05, 9.7
11.65, 9.7
11.7, 9.7
11.75, 9.7
1.3, 9.75
1.35, 9.75
1.4, 9.75
5.15, 9.75
5.2, 9.75
8, 9.75
8.05, 9.75
11.7, 9.75
11.75, 9.75
11.8, 9.75
11.85, 9.75
1.3, 9.8
1.35, 9.8
1.4, 9.8
5.15, 9.8
5.2, 9.8
8, 9.8
8.05, 9.8
8.1, 9.8
11.75, 9.8
11.8, 9.8
11.85, 9.8
11.9, 9.8
1.3, 9.85
1.35, 9.85
1.4, 9.85
5.1, 9.85
5.15, 9.85
5.2, 9.85
8.05, 9.85
8.1, 9.85
11.85, 9.85
11.9, 9.85
11.95, 9.85
1.3, 9.9
1.35, 9.9
1.4, 9.9
5.1, 9.9
5.15, 9.9
8.05, 9.9
8.1, 9.9
11.9, 9.9
11.95, 9.9
12, 9.9
12.05, 9.9
1.3, 9.95
1.35, 9.95
5.1, 9.95
5.15, 9.95
8.05, 9.95
8.1, 9.95
8.15, 9.95
11.95, 9.95
12, 9.95
12.05, 9.95
12.1, 9.95
1.3, 10
1.35, 10
5.05, 10
5.1, 10
8.1, 10
8.15, 10
12.05, 10
12.1, 10
12.15, 10
1.25, 10.05
1.3, 10.05
1.35, 10.05
5.05, 10.05
5.1, 10.05
5.15, 10.05
8.1, 10.05
8.15, 10.05
12.1, 10.05
12.15, 10.05
12.2, 10.05
1.25, 10.1
1.3, 10.1
5.05, 10.1
5.1, 10.1
8.1, 10.1
8.15, 10.1
12.1, 10.1
12.15, 10.1
12.2, 10.1
1.25, 10.15
1.3, 10.15
5, 10.15
5.05, 10.15
5.1, 10.15
8.1, 10.15
8.15, 10.15
12.05, 10.15
12.1, 10.15
12.15, 10.15
12.2, 10.15
1.25, 10.2
1.3, 10.2
5, 10.2
5.05, 10.2
8.1, 10.2
8.15, 10.2
12, 10.2
12.05, 10.2
12.1, 10.2
1.2, 10.25
1.25, 10.25
1.3, 10.25
5, 10.25
5.05, 10.25
8.1, 10.25
8.15, 10.25
8.2, 10.25
12, 10.25
12.05, 10.25
1.2, 10.3
1.25, 10.3
1.3, 10.3
5, 10.3
5.05, 10.3
8.1, 10.3
8.15, 10.3
8.2, 10.3
12, 10.3
12.05, 10.3
1.2, 10.35
1.25, 10.35
1.3, 10.35
5, 10.35
5.05, 10.35
8.1, 10.35
8.15, 10.35
11.95, 10.35
12, 10.35
12.05, 10.35
1.2, 10.4
1.25, 10.4
5, 10.4
5.05, 10.4
8.05, 10.4
8.1, 10.4
8.15, 10.4
11.95, 10.4
12, 10.4
12.05, 10.4
1.2, 10.45
1.25, 10.45
5, 10.45
5.05, 10.45
8.05, 10.45
8.1, 10.45
11.95, 10.45
12, 10.45
1.2, 10.5
1.25, 10.5
5, 10.5
5.05, 10.5
8.05, 10.5
8.1, 10.5
11.95, 10.5
12, 10.5
1.2, 10.55
1.25, 10.55
4.55, 10.55
4.6, 10.55
4.65, 10.55
4.7, 10.55
4.75, 10.55
4.8, 10.55
4.85, 10.55
5, 10.55
5.05, 10.55
8.05, 10.55
8.1, 10.55
11.9, 10.55
11.95, 10.55
12, 10.55
1.2, 10.6
1.25, 10.6
4.45, 10.6
4.5, 10.6
4.55, 10.6
4.6, 10.6
4.65, 10.6
4.7, 10.6
4.75, 10.6
4.8, 10.6
4.85, 10.6
4.9, 10.6
4.95, 10.6
5, 10.6
5.05, 10.6
8, 10.6
8.05, 10.6
8.1, 10.6
11.9, 10.6
11.95, 10.6
1.2, 10.65
1.25, 10.65
4.35, 10.65
4.4, 10.65
4.45, 10.65
4.5, 10.65
4.55, 10.65
4.85, 10.65
4.9, 10.65
4.95, 10.65
5, 10.65
5.05, 10.65
8.05, 10.65
8.1, 10.65
11.9, 10.65
11.95, 10.65
1.15, 10.7
1.2, 10.7
1.25, 10.7
4.25, 10.7
4.3, 10.7
4.35, 10.7
4.4, 10.7
4.45, 10.7
8, 10.7
8.05, 10.7
8.1, 10.7
11.85, 10.7
11.9, 10.7
11.95, 10.7
1.2, 10.75
1.25, 10.75
4.2, 10.75
4.25, 10.75
4.3, 10.75
4.35, 10.75
8, 10.75
8.05, 10.75
11.85, 10.75
11.9, 10.75
11.95, 10.75
1.15, 10.8
1.2, 10.8
1.25, 10.8
4.15, 10.8
4.2, 10.8
4.25, 10.8
4.3, 10.8
8, 10.8
8.05, 10.8
11.8, 10.8
11.85, 10.8
11.9, 10.8
1.15, 10.85
1.2, 10.85
4.1, 10.85
4.15, 10.85
4.2, 10.85
4.25, 10.85
8, 10.85
8.05, 10.85
11.8, 10.85
11.85, 10.85
11.9, 10.85
1.15, 10.9
1.2, 10.9
4.05, 10.9
4.1, 10.9
4.15, 10.9
8, 10.9
8.05, 10.9
11.8, 10.9
11.85, 10.9
1.1, 10.95
1.15, 10.95
1.2, 10.95
3.95, 10.95
4, 10.95
4.05, 10.95
4.1, 10.95
8, 10.95
8.05, 10.95
11.75, 10.95
11.8, 10.95
11.85, 10.95
1.1, 11
1.15, 11
1.2, 11
3.85, 11
3.9, 11
3.95, 11
4, 11
4.05, 11
7.95, 11
8, 11
8.05, 11
8.1, 11
11.75, 11
11.8, 11
11.85, 11
1.1, 11.05
1.15, 11.05
3.8, 11.05
3.85, 11.05
3.9, 11.05
3.95, 11.05
8, 11.05
8.05, 11.05
8.1, 11.05
8.15, 11.05
11.75, 11.05
11.8, 11.05
1.05, 11.1
1.1, 11.1
1.15, 11.1
3.8, 11.1
3.85, 11.1
3.9, 11.1
8.05, 11.1
8.1, 11.1
8.15, 11.1
8.2, 11.1
11.75, 11.1
11.8, 11.1
1.05, 11.15
1.1, 11.15
1.15, 11.15
3.8, 11.15
3.85, 11.15
8.15, 11.15
8.2, 11.15
8.25, 11.15
11.7, 11.15
11.75, 11.15
11.8, 11.15
1, 11.2
1.05, 11.2
1.1, 11.2
3.75, 11.2
3.8, 11.2
3.85, 11.2
8.2, 11.2
8.25, 11.2
8.3, 11.2
11.7, 11.2
11.75, 11.2
0.95, 11.25
1, 11.25
1.05, 11.25
3.75, 11.25
3.8, 11.25
3.85, 11.25
8.25, 11.25
8.3, 11.25
8.35, 11.25
11.7, 11.25
11.75, 11.25
0.9, 11.3
0.95, 11.3
1, 11.3
3.75, 11.3
3.8, 11.3
8.3, 11.3
8.35, 11.3
8.4, 11.3
11.7, 11.3
11.75, 11.3
0.85, 11.35
0.9, 11.35
0.95, 11.35
1, 11.35
3.75, 11.35
3.8, 11.35
8.35, 11.35
8.4, 11.35
8.45, 11.35
11.7, 11.35
11.75, 11.35
0.85, 11.4
0.9, 11.4
0.95, 11.4
3.7, 11.4
3.75, 11.4
3.8, 11.4
8.4, 11.4
8.45, 11.4
8.5, 11.4
11.7, 11.4
11.75, 11.4
0.8, 11.45
0.85, 11.45
0.9, 11.45
3.7, 11.45
3.75, 11.45
8.4, 11.45
8.45, 11.45
8.5, 11.45
11.65, 11.45
11.7, 11.45
11.75, 11.45
0.8, 11.5
0.85, 11.5
0.9, 11.5
3.7, 11.5
3.75, 11.5
8.45, 11.5
8.5, 11.5
8.55, 11.5
11.7, 11.5
11.75, 11.5
0.75, 11.55
0.8, 11.55
0.85, 11.55
3.65, 11.55
3.7, 11.55
3.75, 11.55
8.5, 11.55
8.55, 11.55
11.7, 11.55
11.75, 11.55
0.7, 11.6
0.75, 11.6
0.8, 11.6
3.65, 11.6
3.7, 11.6
8.5, 11.6
8.55, 11.6
8.6, 11.6
11.7, 11.6
11.75, 11.6
0.65, 11.65
0.7, 11.65
0.75, 11.65
3.65, 11.65
3.7, 11.65
8.55, 11.65
8.6, 11.65
11.7, 11.65
11.75, 11.65
0.55, 11.7
0.6, 11.7
0.65, 11.7
0.7, 11.7
0.75, 11.7
3.6, 11.7
3.65, 11.7
3.7, 11.7
8.55, 11.7
8.6, 11.7
11.7, 11.7
11.75, 11.7
0.55, 11.75
0.6, 11.75
0.65, 11.75
0.7, 11.75
3.6, 11.75
3.65, 11.75
8.55, 11.75
8.6, 11.75
11.7, 11.75
11.75, 11.75
0.5, 11.8
0.55, 11.8
0.6, 11.8
3.6, 11.8
3.65, 11.8
8.55, 11.8
8.6, 11.8
11.7, 11.8
11.75, 11.8
0.2, 11.85
0.25, 11.85
0.3, 11.85
0.35, 11.85
0.4, 11.85
0.45, 11.85
0.5, 11.85
0.55, 11.85
3.55, 11.85
3.6, 11.85
3.65, 11.85
8.55, 11.85
8.6, 11.85
11.7, 11.85
11.75, 11.85
0.2, 11.9
0.25, 11.9
0.3, 11.9
0.35, 11.9
0.4, 11.9
0.45, 11.9
0.5, 11.9
3.55, 11.9
3.6, 11.9
8.55, 11.9
8.6, 11.9
11.7, 11.9
11.75, 11.9
0.2, 11.95
0.25, 11.95
3.55, 11.95
3.6, 11.95
8.55, 11.95
8.6, 11.95
11.7, 11.95
11.75, 11.95
0.2, 12
0.25, 12
3.5, 12
3.55, 12
3.6, 12
8.55, 12
8.6, 12
11.75, 12
0.2, 12.05
0.25, 12.05
3.5, 12.05
3.55, 12.05
8.55, 12.05
11.75, 12.05
11.8, 12.05
0.2, 12.1
0.25, 12.1
3.5, 12.1
3.55, 12.1
8.5, 12.1
8.55, 12.1
11.8, 12.1
0.2, 12.15
0.25, 12.15
0.3, 12.15
3.5, 12.15
3.55, 12.15
8.5, 12.15
8.55, 12.15
11.8, 12.15
11.85, 12.15
0.2, 12.2
0.25, 12.2
0.3, 12.2
3.5, 12.2
3.55, 12.2
8.5, 12.2
8.55, 12.2
11.8, 12.2
11.85, 12.2
0.2, 12.25
0.25, 12.25
0.3, 12.25
3.5, 12.25
3.55, 12.25
8.5, 12.25
8.55, 12.25
11.85, 12.25
11.9, 12.25
0.25, 12.3
0.3, 12.3
3.45, 12.3
3.5, 12.3
3.55, 12.3
8.5, 12.3
8.55, 12.3
8.6, 12.3
11.85, 12.3
11.9, 12.3
0.2, 12.35
0.25, 12.35
0.3, 12.35
3.45, 12.35
3.5, 12.35
3.55, 12.35
8.45, 12.35
8.5, 12.35
8.55, 12.35
8.6, 12.35
8.65, 12.35
8.7, 12.35
11.9, 12.35
0.2, 12.4
0.25, 12.4
3.45, 12.4
3.5, 12.4
3.55, 12.4
8.45, 12.4
8.5, 12.4
8.55, 12.4
8.6, 12.4
8.65, 12.4
8.7, 12.4
8.75, 12.4
8.8, 12.4
8.85, 12.4
8.9, 12.4
11.7, 12.4
11.75, 12.4
11.8, 12.4
11.85, 12.4
11.9, 12.4
11.95, 12.4
0.2, 12.45
0.25, 12.45
3.45, 12.45
3.5, 12.45
3.55, 12.45
8.45, 12.45
8.65, 12.45
8.7, 12.45
8.75, 12.45
8.8, 12.45
8.85, 12.45
8.9, 12.45
8.95, 12.45
9, 12.45
11.6, 12.45
11.65, 12.45
11.7, 12.45
11.75, 12.45
11.8, 12.45
11.85, 12.45
11.9, 12.45
11.95, 12.45
0.15, 12.5
0.2, 12.5
3.45, 12.5
3.5, 12.5
3.55, 12.5
8.8, 12.5
8.85, 12.5
8.9, 12.5
8.95, 12.5
9, 12.5
9.05, 12.5
9.1, 12.5
9.15, 12.5
9.2, 12.5
9.45, 12.5
9.5, 12.5
9.55, 12.5
9.6, 12.5
9.65, 12.5
9.7, 12.5
11.55, 12.5
11.6, 12.5
11.65, 12.5
11.7, 12.5
0.15, 12.55
0.2, 12.55
3.45, 12.55
3.5, 12.55
3.55, 12.55
9, 12.55
9.05, 12.55
9.1, 12.55
9.15, 12.55
9.2, 12.55
9.25, 12.55
9.3, 12.55
9.35, 12.55
9.4, 12.55
9.45, 12.55
9.5, 12.55
9.55, 12.55
9.6, 12.55
9.65, 12.55
9.7, 12.55
9.75, 12.55
9.8, 12.55
11.5, 12.55
11.55, 12.55
11.6, 12.55
11.65, 12.55
0.15, 12.6
0.2, 12.6
3.45, 12.6
3.5, 12.6
9.15, 12.6
9.2, 12.6
9.25, 12.6
9.3, 12.6
9.35, 12.6
9.4, 12.6
9.45, 12.6
9.5, 12.6
9.55, 12.6
9.65, 12.6
9.7, 12.6
9.75, 12.6
9.8, 12.6
11.45, 12.6
11.5, 12.6
11.55, 12.6
11.6, 12.6
0.15, 12.65
0.2, 12.65
3.4, 12.65
3.45, 12.65
3.5, 12.65
9.8, 12.65
9.85, 12.65
11.35, 12.65
11.4, 12.65
11.45, 12.65
11.5, 12.65
0.1, 12.7
0.15, 12.7
0.2, 12.7
3.4, 12.7
3.45, 12.7
9.85, 12.7
9.9, 12.7
11.3, 12.7
11.35, 12.7
11.4, 12.7
11.45, 12.7
0.1, 12.75
0.15, 12.75
0.2, 12.75
3.35, 12.75
3.4, 12.75
3.45, 12.75
9.9, 12.75
9.95, 12.75
11.2, 12.75
11.25, 12.75
11.3, 12.75
11.35, 12.75
11.4, 12.75
0.1, 12.8
0.15, 12.8
0.2, 12.8
3.35, 12.8
3.4, 12.8
3.45, 12.8
9.9, 12.8
9.95, 12.8
10, 12.8
11.15, 12.8
11.2, 12.8
11.25, 12.8
11.3, 12.8
0.1, 12.85
0.15, 12.85
3.3, 12.85
3.35, 12.85
3.4, 12.85
9.95, 12.85
10, 12.85
10.05, 12.85
11.05, 12.85
11.1, 12.85
11.15, 12.85
11.2, 12.85
0.1, 12.9
0.15, 12.9
3.3, 12.9
3.35, 12.9
10, 12.9
10.05, 12.9
11, 12.9
11.05, 12.9
11.1, 12.9
11.15, 12.9
0.1, 12.95
0.15, 12.95
3.25, 12.95
3.3, 12.95
3.35, 12.95
10.05, 12.95
10.1, 12.95
10.95, 12.95
11, 12.95
11.05, 12.95
0.1, 13
0.15, 13
3.2, 13
3.25, 13
3.3, 13
10.05, 13
10.1, 13
10.15, 13
10.85, 13
10.9, 13
10.95, 13
11, 13
0.1, 13.05
0.15, 13.05
3.2, 13.05
3.25, 13.05
10.1, 13.05
10.15, 13.05
10.2, 13.05
10.8, 13.05
10.85, 13.05
10.9, 13.05
10.95, 13.05
0.1, 13.1
0.15, 13.1
3.15, 13.1
3.2, 13.1
3.25, 13.1
10.15, 13.1
10.2, 13.1
10.25, 13.1
10.3, 13.1
10.75, 13.1
10.8, 13.1
10.85, 13.1
0.05, 13.15
0.1, 13.15
0.15, 13.15
3.15, 13.15
3.2, 13.15
10.2, 13.15
10.25, 13.15
10.3, 13.15
10.35, 13.15
10.7, 13.15
10.75, 13.15
10.8, 13.15
0.05, 13.2
0.1, 13.2
0.15, 13.2
3.1, 13.2
3.15, 13.2
3.2, 13.2
10.3, 13.2
10.35, 13.2
10.4, 13.2
10.7, 13.2
10.75, 13.2
0.05, 13.25
0.1, 13.25
0.15, 13.25
3.1, 13.25
3.15, 13.25
10.35, 13.25
10.4, 13.25
10.45, 13.25
10.65, 13.25
10.7, 13.25
0.05, 13.3
0.1, 13.3
3.1, 13.3
3.15, 13.3
10.4, 13.3
10.45, 13.3
10.5, 13.3
10.6, 13.3
10.65, 13.3
0.05, 13.35
0.1, 13.35
3.1, 13.35
3.15, 13.35
10.45, 13.35
10.5, 13.35
10.55, 13.35
10.6, 13.35
10.65, 13.35
0, 13.4
0.05, 13.4
0.1, 13.4
3.1, 13.4
3.15, 13.4
10.55, 13.4
10.6, 13.4
0, 13.45
0.05, 13.45
0.1, 13.45
3.05, 13.45
3.1, 13.45
3.15, 13.45
0, 13.5
0.05, 13.5
0.1, 13.5
3.05, 13.5
3.1, 13.5
0, 13.55
0.05, 13.55
0.1, 13.55
0.15, 13.55
3.05, 13.55
3.1, 13.55
0.1, 13.6
0.15, 13.6
0.2, 13.6
3, 13.6
3.05, 13.6
3.1, 13.6
0.1, 13.65
0.15, 13.65
0.2, 13.65
3, 13.65
3.05, 13.65
0.15, 13.7
0.2, 13.7
0.25, 13.7
3, 13.7
3.05, 13.7
0.2, 13.75
0.25, 13.75
0.3, 13.75
2.95, 13.75
3, 13.75
3.05, 13.75
0.2, 13.8
0.25, 13.8
0.3, 13.8
0.35, 13.8
2.95, 13.8
3, 13.8
0.25, 13.85
0.3, 13.85
0.35, 13.85
0.4, 13.85
2.95, 13.85
3, 13.85
0.3, 13.9
0.35, 13.9
0.4, 13.9
2.95, 13.9
3, 13.9
0.35, 13.95
0.4, 13.95
0.45, 13.95
2.95, 13.95
3, 13.95
0.35, 14
0.4, 14
0.45, 14
2.95, 14
3, 14
3.05, 14
0.4, 14.05
0.45, 14.05
0.5, 14.05
2.95, 14.05
3, 14.05
0.45, 14.1
0.5, 14.1
0.55, 14.1
2.95, 14.1
3, 14.1
0.5, 14.15
0.55, 14.15
0.6, 14.15
2.95, 14.15
3, 14.15
3.05, 14.15
0.55, 14.2
0.6, 14.2
2.95, 14.2
3, 14.2
3.05, 14.2
0.55, 14.25
0.6, 14.25
0.65, 14.25
2.95, 14.25
3, 14.25
3.05, 14.25
0.6, 14.3
0.65, 14.3
0.7, 14.3
2.95, 14.3
3, 14.3
3.05, 14.3
0.6, 14.35
0.65, 14.35
0.7, 14.35
0.75, 14.35
2.95, 14.35
3, 14.35
3.05, 14.35
0.65, 14.4
0.7, 14.4
0.75, 14.4
0.8, 14.4
2.95, 14.4
3, 14.4
3.05, 14.4
0.75, 14.45
0.8, 14.45
3, 14.45
3.05, 14.45
0.75, 14.5
0.8, 14.5
3, 14.5
3.05, 14.5
0.75, 14.55
0.8, 14.55
0.85, 14.55
3, 14.55
3.05, 14.55
0.8, 14.6
0.85, 14.6
3, 14.6
3.05, 14.6
0.8, 14.65
0.85, 14.65
3, 14.65
3.05, 14.65
3.1, 14.65
0.8, 14.7
0.85, 14.7
0.9, 14.7
3.05, 14.7
3.1, 14.7
3.15, 14.7
0.85, 14.75
0.9, 14.75
3.1, 14.75
3.15, 14.75
3.2, 14.75
0.85, 14.8
0.9, 14.8
3.15, 14.8
3.2, 14.8
3.25, 14.8
0.85, 14.85
0.9, 14.85
3.2, 14.85
3.25, 14.85
0.85, 14.9
0.9, 14.9
3.2, 14.9
3.25, 14.9
3.3, 14.9
0.85, 14.95
0.9, 14.95
0.95, 14.95
3.2, 14.95
3.25, 14.95
3.3, 14.95
0.85, 15
0.9, 15
0.95, 15
3.25, 15
3.3, 15
0.85, 15.05
0.9, 15.05
0.95, 15.05
3.25, 15.05
3.3, 15.05
0.85, 15.1
0.9, 15.1
3.25, 15.1
3.3, 15.1
3.35, 15.1
0.85, 15.15
0.9, 15.15
3.3, 15.15
3.35, 15.15
0.8, 15.2
0.85, 15.2
0.9, 15.2
3.3, 15.2
3.35, 15.2
3.4, 15.2
0.8, 15.25
0.85, 15.25
3.3, 15.25
3.35, 15.25
3.4, 15.25
0.8, 15.3
0.85, 15.3
3.35, 15.3
3.4, 15.3
0.8, 15.35
0.85, 15.35
3.35, 15.35
3.4, 15.35
3.45, 15.35
0.75, 15.4
0.8, 15.4
0.85, 15.4
3.4, 15.4
3.45, 15.4
0.75, 15.45
0.8, 15.45
0.85, 15.45
3.4, 15.45
3.45, 15.45
3.5, 15.45
0.75, 15.5
0.8, 15.5
0.85, 15.5
3.45, 15.5
3.5, 15.5
0.75, 15.55
0.8, 15.55
3.45, 15.55
3.5, 15.55
3.55, 15.55
0.75, 15.6
0.8, 15.6
3.5, 15.6
3.55, 15.6
0.75, 15.65
0.8, 15.65
3.5, 15.65
3.55, 15.65
3.6, 15.65
0.75, 15.7
0.8, 15.7
3.55, 15.7
3.6, 15.7
3.65, 15.7
0.75, 15.75
0.8, 15.75
3.6, 15.75
3.65, 15.75
0.7, 15.8
0.75, 15.8
0.8, 15.8
3.6, 15.8
3.65, 15.8
3.7, 15.8
0.75, 15.85
0.8, 15.85
3.65, 15.85
3.7, 15.85
3.75, 15.85
3.8, 15.85
0.7, 15.9
0.75, 15.9
0.8, 15.9
3.7, 15.9
3.75, 15.9
3.8, 15.9
3.85, 15.9
3.9, 15.9
0.7, 15.95
0.75, 15.95
3.75, 15.95
3.8, 15.95
3.85, 15.95
3.9, 15.95
7.05, 15.95
7.1, 15.95
7.15, 15.95
0.7, 16
0.75, 16
0.8, 16
0.85, 16
0.9, 16
0.95, 16
1, 16
1.05, 16
1.1, 16
1.15, 16
1.2, 16
1.25, 16
1.3, 16
3.85, 16
3.9, 16
6.45, 16
6.9, 16
6.95, 16
7, 16
7.05, 16
7.1, 16
7.15, 16
7.2, 16
7.25, 16
7.3, 16
0.7, 16.05
0.75, 16.05
0.8, 16.05
0.85, 16.05
0.9, 16.05
0.95, 16.05
1, 16.05
1.05, 16.05
1.1, 16.05
1.15, 16.05
1.2, 16.05
1.25, 16.05
1.3, 16.05
1.35, 16.05
1.4, 16.05
1.5, 16.05
3.85, 16.05
3.9, 16.05
3.95, 16.05
6.4, 16.05
6.45, 16.05
6.5, 16.05
6.55, 16.05
6.65, 16.05
6.7, 16.05
6.75, 16.05
6.8, 16.05
6.85, 16.05
6.9, 16.05
6.95, 16.05
7, 16.05
7.05, 16.05
7.1, 16.05
7.25, 16.05
7.3, 16.05
7.35, 16.05
0.8, 16.1
0.95, 16.1
1, 16.1
1.05, 16.1
1.1, 16.1
1.15, 16.1
1.3, 16.1
1.35, 16.1
1.4, 16.1
1.45, 16.1
1.5, 16.1
1.55, 16.1
3.85, 16.1
3.9, 16.1
3.95, 16.1
6.35, 16.1
6.4, 16.1
6.45, 16.1
6.5, 16.1
6.55, 16.1
6.6, 16.1
6.65, 16.1
6.7, 16.1
6.75, 16.1
6.8, 16.1
6.85, 16.1
7.3, 16.1
7.35, 16.1
1.4, 16.15
1.45, 16.15
1.5, 16.15
1.55, 16.15
3.9, 16.15
3.95, 16.15
6.25, 16.15
6.3, 16.15
6.35, 16.15
6.4, 16.15
6.55, 16.15
6.6, 16.15
6.65, 16.15
6.7, 16.15
7.3, 16.15
7.35, 16.15
7.4, 16.15
1.5, 16.2
1.55, 16.2
1.6, 16.2
3.9, 16.2
3.95, 16.2
6.2, 16.2
6.25, 16.2
6.3, 16.2
6.35, 16.2
7.35, 16.2
7.4, 16.2
1.55, 16.25
1.6, 16.25
1.65, 16.25
3.9, 16.25
3.95, 16.25
4, 16.25
6.15, 16.25
6.2, 16.25
6.25, 16.25
7.35, 16.25
7.4, 16.25
1.6, 16.3
1.65, 16.3
3.95, 16.3
4, 16.3
6.1, 16.3
6.15, 16.3
7.35, 16.3
7.4, 16.3
7.45, 16.3
1.6, 16.35
1.65, 16.35
1.7, 16.35
1.75, 16.35
3.95, 16.35
4, 16.35
4.05, 16.35
4.1, 16.35
6.05, 16.35
6.1, 16.35
6.15, 16.35
7.4, 16.35
7.45, 16.35
1.65, 16.4
1.7, 16.4
1.75, 16.4
4, 16.4
4.05, 16.4
4.1, 16.4
5.95, 16.4
6, 16.4
6.05, 16.4
6.1, 16.4
7.4, 16.4
7.45, 16.4
7.5, 16.4
1.7, 16.45
1.75, 16.45
1.8, 16.45
4.05, 16.45
4.1, 16.45
4.15, 16.45
4.9, 16.45
4.95, 16.45
5, 16.45
5.05, 16.45
5.1, 16.45
5.15, 16.45
5.2, 16.45
5.25, 16.45
5.3, 16.45
5.35, 16.45
5.4, 16.45
5.65, 16.45
5.7, 16.45
5.8, 16.45
5.85, 16.45
5.9, 16.45
5.95, 16.45
6, 16.45
6.05, 16.45
7.45, 16.45
7.5, 16.45
1.75, 16.5
1.8, 16.5
4.1, 16.5
4.15, 16.5
4.85, 16.5
4.9, 16.5
4.95, 16.5
5, 16.5
5.05, 16.5
5.1, 16.5
5.15, 16.5
5.2, 16.5
5.25, 16.5
5.3, 16.5
5.35, 16.5
5.4, 16.5
5.45, 16.5
5.5, 16.5
5.55, 16.5
5.6, 16.5
5.65, 16.5
5.7, 16.5
5.75, 16.5
5.8, 16.5
5.85, 16.5
5.9, 16.5
5.95, 16.5
7.45, 16.5
7.5, 16.5
7.55, 16.5
1.75, 16.55
1.8, 16.55
1.85, 16.55
4.1, 16.55
4.15, 16.55
4.2, 16.55
4.8, 16.55
4.85, 16.55
4.9, 16.55
5.4, 16.55
5.45, 16.55
5.5, 16.55
5.55, 16.55
5.6, 16.55
5.65, 16.55
5.7, 16.55
7.5, 16.55
7.55, 16.55
1.8, 16.6
1.85, 16.6
1.9, 16.6
4.15, 16.6
4.2, 16.6
4.25, 16.6
4.75, 16.6
4.8, 16.6
4.85, 16.6
7.5, 16.6
7.55, 16.6
1.85, 16.65
1.9, 16.65
1.95, 16.65
4.15, 16.65
4.2, 16.65
4.25, 16.65
4.3, 16.65
4.35, 16.65
4.55, 16.65
4.6, 16.65
4.65, 16.65
4.7, 16.65
4.75, 16.65
4.8, 16.65
7.5, 16.65
7.55, 16.65
7.6, 16.65
1.9, 16.7
1.95, 16.7
4.25, 16.7
4.3, 16.7
4.35, 16.7
4.4, 16.7
4.45, 16.7
4.5, 16.7
4.55, 16.7
4.6, 16.7
4.65, 16.7
4.7, 16.7
7.55, 16.7
7.6, 16.7
7.65, 16.7
1.9, 16.75
1.95, 16.75
2, 16.75
4.4, 16.75
4.45, 16.75
4.5, 16.75
7.6, 16.75
7.65, 16.75
1.95, 16.8
2, 16.8
2.05, 16.8
7.6, 16.8
7.65, 16.8
2, 16.85
2.05, 16.85
7.6, 16.85
7.65, 16.85
7.7, 16.85
2.05, 16.9
2.1, 16.9
2.15, 16.9
7.65, 16.9
7.7, 16.9
7.75, 16.9
2.05, 16.95
2.1, 16.95
2.15, 16.95
2.2, 16.95
7.65, 16.95
7.7, 16.95
7.75, 16.95
7.8, 16.95
2.15, 17
2.2, 17
7.7, 17
7.75, 17
7.8, 17
2.1, 17.05
2.15, 17.05
2.2, 17.05
7.75, 17.05
7.8, 17.05
7.85, 17.05
7.9, 17.05
7.95, 17.05
2.15, 17.1
2.2, 17.1
2.25, 17.1
7.85, 17.1
7.9, 17.1
7.95, 17.1
8, 17.1
2.2, 17.15
2.25, 17.15
7.95, 17.15
8, 17.15
8.05, 17.15
8.1, 17.15
2.2, 17.2
2.25, 17.2
8.05, 17.2
8.1, 17.2
8.15, 17.2
8.85, 17.2
8.9, 17.2
8.95, 17.2
9, 17.2
9.05, 17.2
9.15, 17.2
9.2, 17.2
9.3, 17.2
9.35, 17.2
9.4, 17.2
9.45, 17.2
2.2, 17.25
2.25, 17.25
2.3, 17.25
8.1, 17.25
8.15, 17.25
8.2, 17.25
8.25, 17.25
8.65, 17.25
8.7, 17.25
8.75, 17.25
8.8, 17.25
8.85, 17.25
8.9, 17.25
8.95, 17.25
9, 17.25
9.05, 17.25
9.1, 17.25
9.15, 17.25
9.2, 17.25
9.25, 17.25
9.3, 17.25
9.35, 17.25
9.4, 17.25
9.45, 17.25
2.2, 17.3
2.25, 17.3
2.3, 17.3
8.2, 17.3
8.25, 17.3
8.3, 17.3
8.5, 17.3
8.55, 17.3
8.6, 17.3
8.65, 17.3
8.7, 17.3
8.75, 17.3
9.4, 17.3
9.45, 17.3
9.5, 17.3
2.25, 17.35
2.3, 17.35
8.25, 17.35
8.3, 17.35
8.35, 17.35
8.4, 17.35
8.45, 17.35
8.5, 17.35
8.55, 17.35
9.45, 17.35
9.5, 17.35
9.55, 17.35
2.25, 17.4
2.3, 17.4
9.45, 17.4
9.5, 17.4
9.55, 17.4
2.25, 17.45
2.3, 17.45
9.5, 17.45
9.55, 17.45
9.6, 17.45
2.25, 17.5
2.3, 17.5
9.55, 17.5
9.6, 17.5
9.65, 17.5
2.25, 17.55
2.3, 17.55
2.35, 17.55
9.6, 17.55
9.65, 17.55
9.7, 17.55
2.25, 17.6
2.3, 17.6
9.65, 17.6
9.7, 17.6
9.75, 17.6
9.8, 17.6
2.25, 17.65
2.3, 17.65
9.7, 17.65
9.75, 17.65
9.8, 17.65
9.85, 17.65
9.9, 17.65
9.95, 17.65
10, 17.65
2.25, 17.7
2.3, 17.7
9.85, 17.7
9.9, 17.7
9.95, 17.7
10, 17.7
2.2, 17.75
2.25, 17.75
9.95, 17.75
10, 17.75
2.2, 17.8
2.25, 17.8
9.95, 17.8
10, 17.8
2.2, 17.85
2.25, 17.85
9.9, 17.85
9.95, 17.85
2.2, 17.9
2.25, 17.9
9.9, 17.9
9.95, 17.9
2.2, 17.95
2.25, 17.95
9.9, 17.95
9.95, 17.95
2.2, 18
9.85, 18
9.9, 18
2.15, 18.05
2.2, 18.05
9.8, 18.05
9.85, 18.05
9.9, 18.05
2.15, 18.1
2.2, 18.1
9.8, 18.1
9.85, 18.1
2.15, 18.15
2.2, 18.15
9.8, 18.15
9.85, 18.15
9.9, 18.15
2.15, 18.2
2.2, 18.2
2.7, 18.2
9.8, 18.2
9.85, 18.2
9.9, 18.2
2.15, 18.25
2.2, 18.25
2.25, 18.25
2.3, 18.25
2.35, 18.25
2.4, 18.25
2.45, 18.25
2.5, 18.25
2.55, 18.25
2.6, 18.25
2.65, 18.25
2.7, 18.25
2.75, 18.25
2.8, 18.25
2.85, 18.25
9.85, 18.25
9.9, 18.25
2.2, 18.3
2.25, 18.3
2.3, 18.3
2.35, 18.3
2.4, 18.3
2.45, 18.3
2.5, 18.3
2.55, 18.3
2.6, 18.3
2.65, 18.3
2.7, 18.3
2.75, 18.3
2.8, 18.3
2.85, 18.3
2.9, 18.3
9.85, 18.3
9.9, 18.3
2.3, 18.35
2.35, 18.35
2.4, 18.35
2.45, 18.35
2.8, 18.35
2.85, 18.35
2.9, 18.35
2.95, 18.35
9.85, 18.35
9.9, 18.35
9.95, 18.35
2.9, 18.4
2.95, 18.4
3, 18.4
9.85, 18.4
9.9, 18.4
9.95, 18.4
2.95, 18.45
3, 18.45
3.05, 18.45
6.65, 18.45
6.7, 18.45
6.75, 18.45
6.8, 18.45
6.85, 18.45
9.9, 18.45
9.95, 18.45
3, 18.5
3.05, 18.5
3.1, 18.5
6.65, 18.5
6.7, 18.5
6.75, 18.5
6.8, 18.5
6.85, 18.5
6.9, 18.5
6.95, 18.5
9.9, 18.5
9.95, 18.5
10, 18.5
3.05, 18.55
3.1, 18.55
6.6, 18.55
6.65, 18.55
6.7, 18.55
6.85, 18.55
6.9, 18.55
6.95, 18.55
7, 18.55
7.05, 18.55
7.1, 18.55
7.15, 18.55
9.95, 18.55
10, 18.55
3.05, 18.6
3.1, 18.6
3.15, 18.6
6.55, 18.6
6.6, 18.6
6.65, 18.6
7.05, 18.6
7.1, 18.6
7.15, 18.6
7.2, 18.6
7.25, 18.6
7.3, 18.6
7.7, 18.6
7.75, 18.6
7.8, 18.6
9.95, 18.6
10, 18.6
3.1, 18.65
3.15, 18.65
3.2, 18.65
6.5, 18.65
6.55, 18.65
6.6, 18.65
7.2, 18.65
7.25, 18.65
7.3, 18.65
7.35, 18.65
7.4, 18.65
7.45, 18.65
7.5, 18.65
7.55, 18.65
7.6, 18.65
7.65, 18.65
7.7, 18.65
7.75, 18.65
7.8, 18.65
7.85, 18.65
7.9, 18.65
7.95, 18.65
9.95, 18.65
10, 18.65
10.05, 18.65
3.15, 18.7
3.2, 18.7
3.25, 18.7
6.5, 18.7
6.55, 18.7
6.6, 18.7
7.35, 18.7
7.4, 18.7
7.45, 18.7
7.5, 18.7
7.55, 18.7
7.6, 18.7
7.7, 18.7
7.8, 18.7
7.9, 18.7
7.95, 18.7
8, 18.7
9.95, 18.7
10, 18.7
10.05, 18.7
3.2, 18.75
3.25, 18.75
6.45, 18.75
6.5, 18.75
6.55, 18.75
7.95, 18.75
8, 18.75
8.05, 18.75
10, 18.75
10.05, 18.75
3.25, 18.8
3.3, 18.8
3.35, 18.8
6.45, 18.8
6.5, 18.8
6.55, 18.8
8, 18.8
8.05, 18.8
8.1, 18.8
10, 18.8
10.05, 18.8
3.3, 18.85
3.35, 18.85
3.4, 18.85
6.4, 18.85
6.45, 18.85
6.5, 18.85
8.05, 18.85
8.1, 18.85
8.15, 18.85
10, 18.85
10.05, 18.85
10.1, 18.85
3.3, 18.9
3.35, 18.9
3.4, 18.9
3.45, 18.9
6.4, 18.9
6.45, 18.9
6.5, 18.9
8.1, 18.9
8.15, 18.9
8.2, 18.9
10, 18.9
10.05, 18.9
10.1, 18.9
3.4, 18.95
3.45, 18.95
3.5, 18.95
3.55, 18.95
5.55, 18.95
5.6, 18.95
5.65, 18.95
6.35, 18.95
6.4, 18.95
6.45, 18.95
8.15, 18.95
8.2, 18.95
10.05, 18.95
10.1, 18.95
3.45, 19
3.5, 19
3.55, 19
3.6, 19
5.5, 19
5.55, 19
5.6, 19
5.65, 19
5.7, 19
5.75, 19
5.8, 19
5.85, 19
5.9, 19
5.95, 19
6, 19
6.05, 19
6.1, 19
6.15, 19
6.2, 19
6.25, 19
6.3, 19
6.35, 19
6.4, 19
8.15, 19
8.2, 19
8.25, 19
10.05, 19
10.1, 19
3.55, 19.05
3.6, 19.05
3.65, 19.05
5.4, 19.05
5.45, 19.05
5.5, 19.05
5.55, 19.05
5.65, 19.05
5.7, 19.05
5.75, 19.05
5.8, 19.05
5.85, 19.05
5.9, 19.05
5.95, 19.05
6, 19.05
6.05, 19.05
6.1, 19.05
6.15, 19.05
6.2, 19.05
6.25, 19.05
6.3, 19.05
6.35, 19.05
6.4, 19.05
8.2, 19.05
8.25, 19.05
8.3, 19.05
10.05, 19.05
10.1, 19.05
10.15, 19.05
3.55, 19.1
3.6, 19.1
3.65, 19.1
3.7, 19.1
5.35, 19.1
5.4, 19.1
5.45, 19.1
5.5, 19.1
6.3, 19.1
6.35, 19.1
8.25, 19.1
8.3, 19.1
8.35, 19.1
10.1, 19.1
10.15, 19.1
3.65, 19.15
3.7, 19.15
3.75, 19.15
5.25, 19.15
5.3, 19.15
5.35, 19.15
5.4, 19.15
5.45, 19.15
8.3, 19.15
8.35, 19.15
8.4, 19.15
10.1, 19.15
10.15, 19.15
3.7, 19.2
3.75, 19.2
5.2, 19.2
5.25, 19.2
5.3, 19.2
5.35, 19.2
8.3, 19.2
8.35, 19.2
8.4, 19.2
8.45, 19.2
10.1, 19.2
10.15, 19.2
10.2, 19.2
3.75, 19.25
3.8, 19.25
5.1, 19.25
5.15, 19.25
5.2, 19.25
5.25, 19.25
8.4, 19.25
8.45, 19.25
8.5, 19.25
10.15, 19.25
10.2, 19.25
3.75, 19.3
3.8, 19.3
3.85, 19.3
5, 19.3
5.05, 19.3
5.1, 19.3
5.15, 19.3
5.2, 19.3
8.45, 19.3
8.5, 19.3
8.55, 19.3
8.6, 19.3
10.15, 19.3
10.2, 19.3
10.25, 19.3
3.8, 19.35
3.85, 19.35
4.9, 19.35
4.95, 19.35
5, 19.35
5.05, 19.35
5.1, 19.35
8.55, 19.35
8.6, 19.35
8.65, 19.35
10.2, 19.35
10.25, 19.35
3.8, 19.4
3.85, 19.4
4.85, 19.4
4.9, 19.4
4.95, 19.4
5, 19.4
5.05, 19.4
8.55, 19.4
8.6, 19.4
8.65, 19.4
8.7, 19.4
10.2, 19.4
10.25, 19.4
10.3, 19.4
3.85, 19.45
3.9, 19.45
4.75, 19.45
4.8, 19.45
4.85, 19.45
4.9, 19.45
4.95, 19.45
8.65, 19.45
8.7, 19.45
8.75, 19.45
10.25, 19.45
10.3, 19.45
10.35, 19.45
3.85, 19.5
3.9, 19.5
4.7, 19.5
4.75, 19.5
4.8, 19.5
4.85, 19.5
8.7, 19.5
8.75, 19.5
8.8, 19.5
10.3, 19.5
10.35, 19.5
10.4, 19.5
3.9, 19.55
4.65, 19.55
4.7, 19.55
4.75, 19.55
4.8, 19.55
8.75, 19.55
8.8, 19.55
8.85, 19.55
10.35, 19.55
10.4, 19.55
3.9, 19.6
4.6, 19.6
4.65, 19.6
4.7, 19.6
8.75, 19.6
8.8, 19.6
8.85, 19.6
10.35, 19.6
10.4, 19.6
10.45, 19.6
3.9, 19.65
4.55, 19.65
4.6, 19.65
4.65, 19.65
8.8, 19.65
8.85, 19.65
8.9, 19.65
10.4, 19.65
10.45, 19.65
10.5, 19.65
3.9, 19.7
4.5, 19.7
4.55, 19.7
4.6, 19.7
8.85, 19.7
8.9, 19.7
8.95, 19.7
10.45, 19.7
10.5, 19.7
10.55, 19.7
3.9, 19.75
4.45, 19.75
4.5, 19.75
4.55, 19.75
8.9, 19.75
8.95, 19.75
10.5, 19.75
10.55, 19.75
10.6, 19.75
3.9, 19.8
4.4, 19.8
4.45, 19.8
4.5, 19.8
8.9, 19.8
8.95, 19.8
9, 19.8
10.55, 19.8
10.6, 19.8
10.65, 19.8
3.9, 19.85
4, 19.85
4.35, 19.85
4.4, 19.85
4.45, 19.85
8.95, 19.85
9, 19.85
10.6, 19.85
10.65, 19.85
10.7, 19.85
3.85, 19.9
3.9, 19.9
3.95, 19.9
4, 19.9
4.05, 19.9
4.1, 19.9
4.3, 19.9
4.35, 19.9
4.4, 19.9
8.95, 19.9
9, 19.9
10.7, 19.9
10.75, 19.9
10.8, 19.9
3.85, 19.95
3.9, 19.95
3.95, 19.95
4, 19.95
4.05, 19.95
4.1, 19.95
4.15, 19.95
4.2, 19.95
4.25, 19.95
4.3, 19.95
4.35, 19.95
8.95, 19.95
9, 19.95
10.8, 19.95
10.85, 19.95
10.9, 19.95
4.1, 20
4.15, 20
4.2, 20
4.25, 20
4.3, 20
8.95, 20
9, 20
10.85, 20
10.9, 20
10.95, 20
8.95, 20.05
9, 20.05
10.9, 20.05
10.95, 20.05
11, 20.05
11.05, 20.05
8.95, 20.1
9, 20.1
11, 20.1
11.05, 20.1
11.1, 20.1
8.95, 20.15
9, 20.15
11, 20.15
11.05, 20.15
11.1, 20.15
11.15, 20.15
8.95, 20.2
9, 20.2
10.85, 20.2
10.9, 20.2
10.95, 20.2
11, 20.2
11.05, 20.2
11.1, 20.2
8.95, 20.25
9, 20.25
10.75, 20.25
10.8, 20.25
10.85, 20.25
10.9, 20.25
10.95, 20.25
8.95, 20.3
9, 20.3
10.65, 20.3
10.7, 20.3
10.75, 20.3
10.8, 20.3
10.85, 20.3
8.9, 20.35
8.95, 20.35
10.6, 20.35
10.65, 20.35
10.7, 20.35
10.75, 20.35
8.9, 20.4
8.95, 20.4
10.55, 20.4
10.6, 20.4
10.65, 20.4
8.9, 20.45
8.95, 20.45
10.55, 20.45
10.6, 20.45
8.9, 20.5
8.95, 20.5
10.5, 20.5
10.55, 20.5
10.6, 20.5
8.85, 20.55
8.9, 20.55
8.95, 20.55
10.45, 20.55
10.5, 20.55
10.55, 20.55
8.85, 20.6
8.9, 20.6
10.45, 20.6
10.5, 20.6
10.55, 20.6
8.85, 20.65
8.9, 20.65
10.45, 20.65
10.5, 20.65
8.85, 20.7
8.9, 20.7
10.4, 20.7
10.45, 20.7
8.8, 20.75
8.85, 20.75
8.9, 20.75
10.4, 20.75
10.45, 20.75
8.8, 20.8
8.85, 20.8
10.4, 20.8
10.45, 20.8
8.8, 20.85
8.85, 20.85
10.35, 20.85
10.4, 20.85
10.45, 20.85
8.8, 20.9
8.85, 20.9
10.35, 20.9
10.4, 20.9
8.8, 20.95
8.85, 20.95
10.35, 20.95
10.4, 20.95
8.8, 21
8.85, 21
10.3, 21
10.35, 21
10.4, 21
8.8, 21.05
8.85, 21.05
10.25, 21.05
10.3, 21.05
10.35, 21.05
8.75, 21.1
8.8, 21.1
8.85, 21.1
10.25, 21.1
10.3, 21.1
8.8, 21.15
8.85, 21.15
10.2, 21.15
10.25, 21.15
10.3, 21.15
8.75, 21.2
8.8, 21.2
10.25, 21.2
10.3, 21.2
8.75, 21.25
8.8, 21.25
10.25, 21.25
10.3, 21.25
8.75, 21.3
8.8, 21.3
10.25, 21.3
10.3, 21.3
8.7, 21.35
8.75, 21.35
10.3, 21.35
10.35, 21.35
8.65, 21.4
8.7, 21.4
8.75, 21.4
10.3, 21.4
10.35, 21.4
8.6, 21.45
8.65, 21.45
8.7, 21.45
10.3, 21.45
10.35, 21.45
8.55, 21.5
8.6, 21.5
8.65, 21.5
10.3, 21.5
10.35, 21.5
8.55, 21.55
8.6, 21.55
10.35, 21.55
10.4, 21.55
8.55, 21.6
8.6, 21.6
10.35, 21.6
10.4, 21.6
8.55, 21.65
8.6, 21.65
10.35, 21.65
10.4, 21.65
8.55, 21.7
8.6, 21.7
10.35, 21.7
10.4, 21.7
8.55, 21.75
8.6, 21.75
10.4, 21.75
10.45, 21.75
8.5, 21.8
8.55, 21.8
10.4, 21.8
10.45, 21.8
8.45, 21.85
8.5, 21.85
8.55, 21.85
10.4, 21.85
10.45, 21.85
8.45, 21.9
8.5, 21.9
8.55, 21.9
10.4, 21.9
10.45, 21.9
8.4, 21.95
8.45, 21.95
8.5, 21.95
10.4, 21.95
10.45, 21.95
8.35, 22
8.4, 22
8.45, 22
10.45, 22
10.5, 22
8.35, 22.05
8.4, 22.05
10.45, 22.05
10.5, 22.05
8.3, 22.1
8.35, 22.1
8.4, 22.1
10.45, 22.1
10.5, 22.1
8.25, 22.15
8.3, 22.15
8.35, 22.15
10.45, 22.15
10.5, 22.15
10.55, 22.15
8.25, 22.2
8.3, 22.2
10.5, 22.2
10.55, 22.2
8.2, 22.25
8.25, 22.25
8.3, 22.25
10.5, 22.25
10.55, 22.25
8.15, 22.3
8.2, 22.3
8.25, 22.3
10.5, 22.3
10.55, 22.3
6.15, 22.35
8.15, 22.35
8.2, 22.35
10.55, 22.35
10.6, 22.35
6.1, 22.4
6.15, 22.4
6.2, 22.4
8.1, 22.4
8.15, 22.4
8.2, 22.4
10.55, 22.4
10.6, 22.4
5.9, 22.45
5.95, 22.45
6, 22.45
6.05, 22.45
6.1, 22.45
6.15, 22.45
6.2, 22.45
6.25, 22.45
6.3, 22.45
8.05, 22.45
8.1, 22.45
8.15, 22.45
10.6, 22.45
10.65, 22.45
5.7, 22.5
5.75, 22.5
5.8, 22.5
5.85, 22.5
5.9, 22.5
5.95, 22.5
6, 22.5
6.05, 22.5
6.1, 22.5
6.25, 22.5
6.3, 22.5
6.35, 22.5
6.4, 22.5
8, 22.5
8.05, 22.5
8.1, 22.5
10.6, 22.5
10.65, 22.5
10.7, 22.5
4.9, 22.55
4.95, 22.55
5.55, 22.55
5.6, 22.55
5.65, 22.55
5.7, 22.55
5.75, 22.55
5.8, 22.55
5.85, 22.55
5.9, 22.55
6.35, 22.55
6.4, 22.55
6.45, 22.55
6.5, 22.55
7.95, 22.55
8, 22.55
8.05, 22.55
10.5, 22.55
10.55, 22.55
10.6, 22.55
10.65, 22.55
10.7, 22.55
4.85, 22.6
4.9, 22.6
4.95, 22.6
5, 22.6
5.1, 22.6
5.15, 22.6
5.2, 22.6
5.3, 22.6
5.35, 22.6
5.4, 22.6
5.45, 22.6
5.5, 22.6
5.55, 22.6
5.6, 22.6
5.65, 22.6
5.7, 22.6
6.45, 22.6
6.5, 22.6
6.55, 22.6
6.6, 22.6
7.35, 22.6
7.4, 22.6
7.8, 22.6
7.85, 22.6
7.9, 22.6
7.95, 22.6
8, 22.6
10.4, 22.6
10.45, 22.6
10.5, 22.6
10.55, 22.6
10.6, 22.6
4.85, 22.65
4.9, 22.65
5, 22.65
5.05, 22.65
5.1, 22.65
5.15, 22.65
5.2, 22.65
5.25, 22.65
5.3, 22.65
5.35, 22.65
5.4, 22.65
5.45, 22.65
5.5, 22.65
5.55, 22.65
6.55, 22.65
6.6, 22.65
6.65, 22.65
7.05, 22.65
7.1, 22.65
7.15, 22.65
7.2, 22.65
7.25, 22.65
7.3, 22.65
7.35, 22.65
7.4, 22.65
7.45, 22.65
7.5, 22.65
7.55, 22.65
7.6, 22.65
7.65, 22.65
7.7, 22.65
7.75, 22.65
7.8, 22.65
7.85, 22.65
7.9, 22.65
10.25, 22.65
10.3, 22.65
10.35, 22.65
10.4, 22.65
10.45, 22.65
10.5, 22.65
10.55, 22.65
4.85, 22.7
4.9, 22.7
5.05, 22.7
5.1, 22.7
5.15, 22.7
5.2, 22.7
5.25, 22.7
5.3, 22.7
6.6, 22.7
6.65, 22.7
6.7, 22.7
6.75, 22.7
6.95, 22.7
7, 22.7
7.05, 22.7
7.1, 22.7
7.15, 22.7
7.2, 22.7
7.25, 22.7
7.3, 22.7
7.4, 22.7
7.45, 22.7
7.5, 22.7
7.55, 22.7
7.6, 22.7
7.65, 22.7
7.7, 22.7
7.75, 22.7
10.2, 22.7
10.25, 22.7
10.3, 22.7
10.35, 22.7
10.4, 22.7
10.45, 22.7
4.85, 22.75
4.9, 22.75
6.7, 22.75
6.75, 22.75
6.8, 22.75
6.85, 22.75
6.9, 22.75
6.95, 22.75
7, 22.75
7.05, 22.75
7.1, 22.75
10.1, 22.75
10.15, 22.75
10.2, 22.75
10.25, 22.75
10.3, 22.75
4.8, 22.8
4.85, 22.8
6.75, 22.8
6.8, 22.8
6.85, 22.8
6.9, 22.8
6.95, 22.8
10.05, 22.8
10.1, 22.8
10.15, 22.8
10.2, 22.8
4.75, 22.85
4.8, 22.85
10, 22.85
10.05, 22.85
10.1, 22.85
4.7, 22.9
4.75, 22.9
4.8, 22.9
10, 22.9
10.05, 22.9
4.65, 22.95
4.7, 22.95
4.75, 22.95
9.95, 22.95
10, 22.95
10.05, 22.95
4.65, 23
4.7, 23
9.95, 23
10, 23
4.6, 23.05
4.65, 23.05
4.7, 23.05
9.9, 23.05
9.95, 23.05
10, 23.05
4.55, 23.1
4.6, 23.1
4.65, 23.1
9.9, 23.1
9.95, 23.1
4.55, 23.15
4.6, 23.15
9.85, 23.15
9.9, 23.15
9.95, 23.15
4.5, 23.2
4.55, 23.2
4.6, 23.2
9.85, 23.2
9.9, 23.2
9.95, 23.2
4.5, 23.25
4.55, 23.25
9.85, 23.25
9.9, 23.25
4.4, 23.3
4.45, 23.3
4.5, 23.3
9.85, 23.3
9.9, 23.3
4.35, 23.35
4.4, 23.35
4.45, 23.35
4.5, 23.35
9.8, 23.35
9.85, 23.35
9.9, 23.35
4.3, 23.4
4.35, 23.4
4.4, 23.4
9.8, 23.4
9.85, 23.4
4.25, 23.45
4.3, 23.45
4.35, 23.45
9.8, 23.45
9.85, 23.45
2.9, 23.5
3.65, 23.5
3.7, 23.5
3.85, 23.5
3.95, 23.5
4, 23.5
4.05, 23.5
4.1, 23.5
4.15, 23.5
4.2, 23.5
4.25, 23.5
4.3, 23.5
9.75, 23.5
9.8, 23.5
9.85, 23.5
2.85, 23.55
2.9, 23.55
2.95, 23.55
3.45, 23.55
3.5, 23.55
3.55, 23.55
3.6, 23.55
3.65, 23.55
3.7, 23.55
3.75, 23.55
3.8, 23.55
3.85, 23.55
3.9, 23.55
3.95, 23.55
4, 23.55
4.05, 23.55
4.1, 23.55
4.15, 23.55
4.2, 23.55
4.25, 23.55
9.75, 23.55
9.8, 23.55
2.85, 23.6
2.9, 23.6
2.95, 23.6
3, 23.6
3.3, 23.6
3.35, 23.6
3.4, 23.6
3.45, 23.6
3.5, 23.6
3.55, 23.6
3.6, 23.6
9.7, 23.6
9.75, 23.6
9.8, 23.6
2.85, 23.65
2.9, 23.65
3, 23.65
3.05, 23.65
3.1, 23.65
3.15, 23.65
3.2, 23.65
3.25, 23.65
3.3, 23.65
3.35, 23.65
3.4, 23.65
9.7, 23.65
9.75, 23.65
2.85, 23.7
2.9, 23.7
3.15, 23.7
3.2, 23.7
3.25, 23.7
9.75, 23.7
2.8, 23.75
2.85, 23.75
9.75, 23.75
9.8, 23.75
2.75, 23.8
2.8, 23.8
2.85, 23.8
9.75, 23.8
9.8, 23.8
2.7, 23.85
2.75, 23.85
2.8, 23.85
9.8, 23.85
2.65, 23.9
2.7, 23.9
2.75, 23.9
9.8, 23.9
9.85, 23.9
2.65, 23.95
2.7, 23.95
9.8, 23.95
9.85, 23.95
2.6, 24
2.65, 24
2.7, 24
9.8, 24
9.85, 24
9.9, 24
2.6, 24.05
2.65, 24.05
9.85, 24.05
9.9, 24.05
2.55, 24.1
2.6, 24.1
9.85, 24.1
9.9, 24.1
2.5, 24.15
2.55, 24.15
2.6, 24.15
9.9, 24.15
9.95, 24.15
2.5, 24.2
2.55, 24.2
9.9, 24.2
9.95, 24.2
2.45, 24.25
2.5, 24.25
9.9, 24.25
9.95, 24.25
2.35, 24.3
2.4, 24.3
2.45, 24.3
2.5, 24.3
9.9, 24.3
9.95, 24.3
2.3, 24.35
2.35, 24.35
2.4, 24.35
2.45, 24.35
9.95, 24.35
2.25, 24.4
2.3, 24.4
2.35, 24.4
9.95, 24.4
10, 24.4
2.2, 24.45
2.25, 24.45
2.3, 24.45
9.95, 24.45
10, 24.45
2.15, 24.5
2.2, 24.5
2.25, 24.5
9.95, 24.5
10, 24.5
2.2, 24.55
2.25, 24.55
10, 24.55
10.05, 24.55
2.25, 24.6
2.3, 24.6
10, 24.6
10.05, 24.6
2.3, 24.65
2.35, 24.65
10, 24.65
10.05, 24.65
2.3, 24.7
2.35, 24.7
2.4, 24.7
10.05, 24.7
2.4, 24.75
2.45, 24.75
2.5, 24.75
10.05, 24.75
10.1, 24.75
2.45, 24.8
2.5, 24.8
2.55, 24.8
10.1, 24.8
10.15, 24.8
2.5, 24.85
2.55, 24.85
2.6, 24.85
10.1, 24.85
10.15, 24.85
2.55, 24.9
2.6, 24.9
2.65, 24.9
10.15, 24.9
10.2, 24.9
2.6, 24.95
2.65, 24.95
10.1, 24.95
10.15, 24.95
10.2, 24.95
2.65, 25
2.7, 25
10.1, 25
10.15, 25
2.65, 25.05
2.7, 25.05
2.75, 25.05
10.05, 25.05
10.1, 25.05
10.15, 25.05
2.7, 25.1
2.75, 25.1
10, 25.1
10.05, 25.1
10.1, 25.1
2.7, 25.15
2.75, 25.15
2.8, 25.15
10, 25.15
10.05, 25.15
10.1, 25.15
2.75, 25.2
2.8, 25.2
9.95, 25.2
10, 25.2
10.05, 25.2
2.75, 25.25
2.8, 25.25
9.95, 25.25
10, 25.25
2.75, 25.3
2.8, 25.3
9.9, 25.3
9.95, 25.3
10, 25.3
2.75, 25.35
2.8, 25.35
9.9, 25.35
9.95, 25.35
2.75, 25.4
2.8, 25.4
9.9, 25.4
9.95, 25.4
2.75, 25.45
2.8, 25.45
9.9, 25.45
2.7, 25.5
2.75, 25.5
2.8, 25.5
9.85, 25.5
9.9, 25.5
2.7, 25.55
2.75, 25.55
2.8, 25.55
9.85, 25.55
9.9, 25.55
2.7, 25.6
2.75, 25.6
2.8, 25.6
9.85, 25.6
9.9, 25.6
2.7, 25.65
2.75, 25.65
9.8, 25.65
9.85, 25.65
9.9, 25.65
2.7, 25.7
2.75, 25.7
9.8, 25.7
9.85, 25.7
2.7, 25.75
2.75, 25.75
9.8, 25.75
9.85, 25.75
2.65, 25.8
2.7, 25.8
2.75, 25.8
9.8, 25.8
9.85, 25.8
2.7, 25.85
2.75, 25.85
9.75, 25.85
9.8, 25.85
2.7, 25.9
2.75, 25.9
9.75, 25.9
9.8, 25.9
2.7, 25.95
2.75, 25.95
9.75, 25.95
9.8, 25.95
2.7, 26
2.75, 26
9.75, 26
2.7, 26.05
2.75, 26.05
9.7, 26.05
9.75, 26.05
2.7, 26.1
2.75, 26.1
9.7, 26.1
9.75, 26.1
2.7, 26.15
2.75, 26.15
2.8, 26.15
9.7, 26.15
9.75, 26.15
2.75, 26.2
2.8, 26.2
9.65, 26.2
9.7, 26.2
9.75, 26.2
2.7, 26.25
2.75, 26.25
2.8, 26.25
9.55, 26.25
9.6, 26.25
9.65, 26.25
9.7, 26.25
9.75, 26.25
2.7, 26.3
2.75, 26.3
2.8, 26.3
9.55, 26.3
9.6, 26.3
9.65, 26.3
9.7, 26.3
2.65, 26.35
2.7, 26.35
2.75, 26.35
9.55, 26.35
9.6, 26.35
2.6, 26.4
2.65, 26.4
2.7, 26.4
9.5, 26.4
9.55, 26.4
9.6, 26.4
2.6, 26.45
2.65, 26.45
9.5, 26.45
9.55, 26.45
2.55, 26.5
2.6, 26.5
9.45, 26.5
9.5, 26.5
9.55, 26.5
2.55, 26.55
2.6, 26.55
2.65, 26.55
9.45, 26.55
9.5, 26.55
2.6, 26.6
2.65, 26.6
2.7, 26.6
9.4, 26.6
9.45, 26.6
2.65, 26.65
2.7, 26.65
2.75, 26.65
9.35, 26.65
9.4, 26.65
9.45, 26.65
2.75, 26.7
2.8, 26.7
9.35, 26.7
9.4, 26.7
2.75, 26.75
2.8, 26.75
2.85, 26.75
9.3, 26.75
9.35, 26.75
2.8, 26.8
2.85, 26.8
2.9, 26.8
9.25, 26.8
9.3, 26.8
9.35, 26.8
2.85, 26.85
2.9, 26.85
2.95, 26.85
9.2, 26.85
9.25, 26.85
9.3, 26.85
2.9, 26.9
2.95, 26.9
3, 26.9
9.15, 26.9
9.2, 26.9
2.95, 26.95
3, 26.95
3.05, 26.95
3.1, 26.95
9.1, 26.95
9.15, 26.95
9.2, 26.95
3, 27
3.05, 27
3.1, 27
3.15, 27
3.2, 27
8.2, 27
8.25, 27
8.3, 27
8.35, 27
8.4, 27
8.45, 27
8.5, 27
8.55, 27
8.6, 27
8.65, 27
9.05, 27
9.1, 27
9.15, 27
3.1, 27.05
3.15, 27.05
3.2, 27.05
3.25, 27.05
8.1, 27.05
8.15, 27.05
8.2, 27.05
8.25, 27.05
8.3, 27.05
8.35, 27.05
8.4, 27.05
8.45, 27.05
8.5, 27.05
8.55, 27.05
8.6, 27.05
8.65, 27.05
8.7, 27.05
8.75, 27.05
8.8, 27.05
8.85, 27.05
8.9, 27.05
8.95, 27.05
9, 27.05
9.05, 27.05
9.1, 27.05
3.15, 27.1
3.2, 27.1
3.25, 27.1
3.3, 27.1
3.35, 27.1
3.4, 27.1
8.05, 27.1
8.1, 27.1
8.15, 27.1
8.2, 27.1
8.25, 27.1
8.6, 27.1
8.65, 27.1
8.7, 27.1
8.75, 27.1
8.8, 27.1
8.85, 27.1
8.9, 27.1
8.95, 27.1
9, 27.1
9.05, 27.1
9.1, 27.1
3.25, 27.15
3.3, 27.15
3.35, 27.15
3.4, 27.15
7.95, 27.15
8, 27.15
8.05, 27.15
8.1, 27.15
8.15, 27.15
8.9, 27.15
8.95, 27.15
3.35, 27.2
3.4, 27.2
7.9, 27.2
7.95, 27.2
8, 27.2
3.35, 27.25
3.4, 27.25
3.45, 27.25
7.85, 27.25
7.9, 27.25
7.95, 27.25
3.4, 27.3
3.45, 27.3
3.5, 27.3
7.8, 27.3
7.85, 27.3
7.9, 27.3
3.45, 27.35
3.5, 27.35
3.55, 27.35
7.75, 27.35
7.8, 27.35
7.85, 27.35
3.45, 27.4
3.5, 27.4
7.65, 27.4
7.7, 27.4
7.75, 27.4
7.8, 27.4
3.45, 27.45
3.5, 27.45
7.55, 27.45
7.6, 27.45
7.65, 27.45
7.7, 27.45
3.45, 27.5
3.5, 27.5
7.55, 27.5
7.6, 27.5
7.65, 27.5
3.45, 27.55
3.5, 27.55
7.55, 27.55
7.6, 27.55
3.4, 27.6
3.45, 27.6
3.5, 27.6
7.5, 27.6
7.55, 27.6
3.45, 27.65
3.5, 27.65
3.55, 27.65
7.5, 27.65
7.55, 27.65
3.45, 27.7
3.5, 27.7
3.55, 27.7
7.5, 27.7
7.55, 27.7
3.45, 27.75
3.5, 27.75
7.45, 27.75
7.5, 27.75
3.45, 27.8
3.5, 27.8
7.45, 27.8
7.5, 27.8
3.45, 27.85
3.5, 27.85
7.45, 27.85
3.45, 27.9
3.5, 27.9
7.45, 27.9
3.45, 27.95
3.5, 27.95
7.4, 27.95
7.45, 27.95
3.45, 28
3.5, 28
7.4, 28
7.45, 28
3.45, 28.05
3.5, 28.05
7.35, 28.05
7.4, 28.05
3.5, 28.1
3.55, 28.1
3.6, 28.1
3.65, 28.1
3.7, 28.1
3.75, 28.1
3.8, 28.1
3.85, 28.1
3.9, 28.1
4.55, 28.1
7.35, 28.1
7.4, 28.1
3.5, 28.15
3.55, 28.15
3.6, 28.15
3.65, 28.15
3.7, 28.15
3.75, 28.15
3.8, 28.15
3.85, 28.15
3.9, 28.15
3.95, 28.15
4, 28.15
4.05, 28.15
4.1, 28.15
4.15, 28.15
4.2, 28.15
4.25, 28.15
4.3, 28.15
4.35, 28.15
4.4, 28.15
4.45, 28.15
4.5, 28.15
4.55, 28.15
4.6, 28.15
4.65, 28.15
7.35, 28.15
7.4, 28.15
3.9, 28.2
3.95, 28.2
4, 28.2
4.05, 28.2
4.1, 28.2
4.15, 28.2
4.2, 28.2
4.25, 28.2
4.3, 28.2
4.35, 28.2
4.4, 28.2
4.45, 28.2
4.5, 28.2
4.55, 28.2
4.6, 28.2
4.65, 28.2
4.7, 28.2
4.75, 28.2
4.8, 28.2
7.3, 28.2
7.35, 28.2
4.3, 28.25
4.4, 28.25
4.6, 28.25
4.65, 28.25
4.7, 28.25
4.75, 28.25
4.8, 28.25
4.85, 28.25
7.3, 28.25
7.35, 28.25
4.8, 28.3
4.85, 28.3
7.3, 28.3
7.35, 28.3
4.8, 28.35
4.85, 28.35
4.9, 28.35
7.25, 28.35
7.3, 28.35
4.85, 28.4
4.9, 28.4
4.95, 28.4
5.4, 28.4
5.45, 28.4
5.5, 28.4
5.55, 28.4
5.6, 28.4
7.25, 28.4
7.3, 28.4
4.9, 28.45
4.95, 28.45
5, 28.45
5.3, 28.45
5.35, 28.45
5.4, 28.45
5.45, 28.45
5.5, 28.45
5.55, 28.45
5.6, 28.45
5.65, 28.45
5.7, 28.45
5.75, 28.45
5.8, 28.45
5.85, 28.45
5.9, 28.45
5.95, 28.45
6, 28.45
7.25, 28.45
7.3, 28.45
4.9, 28.5
4.95, 28.5
5, 28.5
5.05, 28.5
5.2, 28.5
5.25, 28.5
5.3, 28.5
5.35, 28.5
5.4, 28.5
5.45, 28.5
5.5, 28.5
5.55, 28.5
5.6, 28.5
5.65, 28.5
5.7, 28.5
5.75, 28.5
5.8, 28.5
5.85, 28.5
5.9, 28.5
5.95, 28.5
6, 28.5
6.05, 28.5
6.1, 28.5
6.15, 28.5
6.2, 28.5
6.25, 28.5
7.25, 28.5
4.95, 28.55
5, 28.55
5.05, 28.55
5.1, 28.55
5.15, 28.55
5.2, 28.55
5.25, 28.55
5.9, 28.55
5.95, 28.55
6, 28.55
6.05, 28.55
6.1, 28.55
6.15, 28.55
6.2, 28.55
6.25, 28.55
6.3, 28.55
6.35, 28.55
6.4, 28.55
6.45, 28.55
6.5, 28.55
6.55, 28.55
7.2, 28.55
7.25, 28.55
5, 28.6
5.05, 28.6
5.1, 28.6
5.15, 28.6
6.25, 28.6
6.3, 28.6
6.35, 28.6
6.4, 28.6
6.45, 28.6
6.5, 28.6
6.55, 28.6
6.6, 28.6
6.65, 28.6
6.7, 28.6
7.2, 28.6
7.25, 28.6
5.05, 28.65
5.1, 28.65
6.55, 28.65
6.6, 28.65
6.65, 28.65
6.7, 28.65
6.75, 28.65
6.8, 28.65
7.2, 28.65
7.25, 28.65
6.7, 28.7
6.75, 28.7
6.8, 28.7
6.85, 28.7
6.9, 28.7
7.2, 28.7
6.75, 28.75
6.8, 28.75
6.85, 28.75
6.9, 28.75
6.95, 28.75
7, 28.75
7.2, 28.75
6.9, 28.8
6.95, 28.8
7, 28.8
7.05, 28.8
7.2, 28.8
7.25, 28.8
7, 28.85
7.05, 28.85
7.1, 28.85
7.15, 28.85
7.2, 28.85
7.25, 28.85
7.05, 28.9
7.1, 28.9
7.15, 28.9
7.2, 28.9
7.25, 28.9
7.15, 28.95
7.2, 28.95
